-5.995318530611765
-5.994270281574382
-5.990620856128242
-5.998932671844416
-5.999178994510623
-5.986076112431311
-6.007782347474389
-5.991004730245931
-5.990097777563375
-5.988779122465751
-6.004648570044781
-5.990912153270171
-5.996043881050745
-5.992425737771205
-5.984270003391105
-5.993288271591604
-5.993303014425369
-5.987626199454335
-5.991872494251584
-5.999726752089145
-6.002357907646918
-5.98630929382872
-5.984327322945864
-5.98873073298939
-5.993806348871634
-5.981560300570112
-5.990179821477026
-5.985177476021337
-5.986470757132152
-5.990401587256161
-5.986963409656091
-5.990440989390841
-5.987387458401267
-5.98910840045576
-5.990111684064233
-5.99584829111702
-5.986226132677988
-5.993872459651122
-5.996675579334138
-5.978403100497366
-6.006197914383284
-6.004339608967187
-5.990769583369731
-5.991405356676345
-5.980016297473642
-5.986479714005076
-5.989648190592233
-5.990465577928198
-5.997927256688908
-6.00102452184703
-5.986585129881314
-5.98887825357809
-5.987868869993061
-5.980950396149595
-5.998614932730975
-5.999456559929699
-5.980549592068067
-5.993314908446011
-5.995629166857477
-5.98941469515207
-6.004157860218699
-5.987655463761222
-5.990916525144756
-5.994396628114762
-5.994181633450679
-5.97968500179329
-5.993104548796929
-5.992705421182756
-5.983066449942385
-6.008615142629909
-5.985135074575551
-5.987171546720784
-5.98843047875665
-5.994803121857732
-5.982063929603903
-5.993587197189824
-6.007342613817289
-5.987879510335364
-5.982497801563376
-5.975325396716834
-5.987323459238062
-6.000197885698158
-5.985356770000764
-5.989705270404643
-5.977142625778482
-5.989691208262809
-5.988338887708958
-5.989473091512091
-5.9844851244275
-6.000104832568439
-5.978840214141075
-5.993901603066028
-5.985177862283296
-5.98399387970862
-5.997741664015857
-5.984022140807407
-5.995238025130557
-5.999466898411301
-5.98801592220748
-5.988234484563002
-6.019151648120759
-6.002454111482749
-5.990957097231803
-5.99153027065811
-5.984969523345242
-5.986638572247145
-6.000922367044166
-6.00208953881316
-5.974025129214464
-5.986744762282011
-5.984106196291737
-5.997467409951432
-6.009847782695386
-5.978068193417957
-5.972536105950658
-6.006943981107738
-5.992881922032499
-5.984482348355844
-5.97822168551971
-5.975658532260319
-5.982226558672464
-5.99515860302514
-5.995658377577561
-5.978406383871175
-5.993983903234449
-6.001905811546016
-5.990950448870143
-5.987118813116365
-6.001009331126983
-5.982817059474237
-5.980630314327255
-5.989837376872894
-5.999929750042449
-5.984378001576762
-5.9968564304013
-5.974963266814349
-6.005267706310772
-5.994254947660316
-6.005833353422162
-5.993242289561305
-5.982545471609213
-5.991859075809272
-5.984700523221534
-5.995318138447058
-5.991780167679129
-5.990878404333762
-5.986059840959302
-5.988260394281462
-6.00657593668245
-5.986748574836127
-5.982972565464425
-5.98372054045361
-5.979361767912961
-6.000878292609473
-5.999373518143154
-5.988993836010241
-5.994619544736215
-5.994722073817299
-5.990730727551678
-5.993277313156637
-6.002416807092654
-5.997363512398298
-5.988975238166379
-5.991364800009984
-5.983663487537669
-5.997855805230437
-5.989144153623108
-5.988825790184356
-6.012039539845166
-5.980103914914465
-5.993240740160085
-5.986226975540683
-5.986172191971982
-5.985217672716847
-6.005974719414599
-5.989363774787825
-5.997699789756283
-5.985188047263651
-5.991095208374642
-5.983621481989566
-5.994821119822454
-6.003909300653482
-5.985597844173529
-6.000438996521218
-5.989428190836365
-5.992560451891935
-5.993740717743196
-5.990265778302023
-5.990521094795779
-5.968317087403461
-5.993070691933415
-5.996478003691186
-5.987662581828429
-5.981729005006875
-5.990010724761073
-5.988568417257278
-5.984982118160418
-6.005086411339922
-5.988532152016791
-5.981021704244337
-6.004516308726943
-5.985756516458463
-5.978187672410907
-5.989002717625482
-5.989375760314343
-5.988519635408442
-5.990702299752879
-5.992381336405852
-5.987459093994659
-5.978568415246692
-5.994156389587307
-5.987141029745053
-5.996042509024607
-5.986103246542757
-5.998155806945512
-6.004931607612367
-5.992467972635425
-5.999781867854082
-5.985934332440873
-5.986839083599017
-5.99032775382337
-5.993809723685202
-5.986827135963493
-6.004587880955377
-5.996166882419999
-5.994763303624405
-6.007554509897119
-5.984574996309903
-5.977464724854431
-5.982749523348431
-6.007742977988403
-6.008339536337556
-5.981629625406939
-5.974019591663901
-5.990366241390838
-5.980636012845117
-5.991403582396408
-5.992817732051504
-5.995124478447461
-5.986044185263355
-5.984423941658994
-5.986562043400452
-5.996241977541385
-5.994740387890425
-5.99410246491619
-5.984750447215613
-6.005377946671712
-5.995786061438314
-5.994261378529652
-5.984648785170722
-5.993730656777554
-5.995683539436967
-5.990061099774476
-5.994547030882545
-5.992516281307104
-6.008508402007536
-5.98952621360387
-5.989638068685955
-6.007248606685488
-5.983101161331075
-5.98714249986139
-5.995681994538558
-6.003757966334798
-6.008031451624004
-5.989208970853402
-6.002592148999827
-6.008256887123697
-5.989920431036825
-6.001843306057753
-5.981344827819814
-6.006456561151536
-5.984776033772477
-5.992784493092082
-5.991085268347359
-5.976219154542102
-5.980034203440984
-5.99887794198814
-5.994623106129789
-5.982776239251955
-5.979894770292725
-6.004202474310577
-5.984817527396583
-5.991315159014598
-5.978710217563153
-6.005393519448041
-5.999436410519667
-5.99410048808165
-5.994553938385106
-6.001985078398748
-6.005541872131609
-6.001310332483076
-5.987847543001558
-5.983373321659037
-5.990709770356376
-5.998895635542913
-5.984311386937663
-6.012415630478902
-5.986481657603896
-5.994648288676479
-5.986823390720621
-5.988736745235389
-5.985640791859381
-5.994942683811732
-5.99588942634785
-5.992016085273614
-5.996245974464275
-5.988366554710709
-5.972465675669747
-5.990853185792155
-5.988459699501184
-5.985508882598563
-6.004076081507124
-6.000459828509724
-5.996462018261344
-5.990441889423108
-5.971901295650127
-5.983450746525075
-5.996288872525782
-5.981738547712175
-6.016302516459863
-6.001016602745885
-5.984665904942949
-5.993775880436335
-5.990479617553859
-5.978309246987151
-5.983916828991504
-6.000252015760053
-5.997711827960467
-5.982985721238931
-5.989469403108884
-6.000901456466818
-5.995893539241437
-5.996333539514662
-5.989151127048363
-5.998717920964174
-5.983208488456563
-5.997338577172137
-5.999684595771798
-5.978565985141851
-6.003831576808831
-6.02026623673252
-5.987093565002938
-6.001580800964009
-5.983042782468036
-5.989093001580859
-5.989039554891376
-5.990604115732377
-5.981172355630131
-5.983395992269349
-5.993067970881397
-5.997871414085703
-5.990534989814309
-6.006244158018652
-5.998117919230029
-5.983832455332311
-6.000708661606895
-5.973973142784586
-5.999602739156365
-5.978107203379913
-6.011036123618451
-5.977215008321174
-6.009505023668864
-5.994466648258006
-6.00256321993409
-5.992506879342469
-5.988328033730891
-6.006730985694132
-6.000561428837957
-5.987875065517377
-5.980421180847928
-5.984934809309128
-5.977463171070471
-5.993502999098746
-5.994110286706809
-5.982768095167665
-5.983407681006192
-5.987817438038276
-5.992542609512046
-5.995201181006369
-6.000385138656021
-5.991656674533956
-5.984212980721652
-5.985834338179285
-5.974395447761184
-5.994428582011801
-5.985247482900963
-5.994012597759869
-5.991265508042027
-6.01426478456415
-5.991768829040115
-5.993687988029355
-5.977296202111754
-5.994425950387855
-5.985630372474837
-5.978365227090711
-5.989129968408302
-5.982324652925014
-5.993869030186988
-5.998260142818656
-5.981373853117071
-5.998674636666427
-5.986268771584575
-6.009639960223254
-6.00733976489819
-5.991443448973475
-5.985960300549139
-5.985275651518052
-5.989467519832901
-5.981012876692528
-5.993617428587476
-5.99075834864882
-5.989369793374187
-6.004303910383753
-5.981986556614235
-5.967917092395643
-6.002963327537212
-5.995530597603719
-5.994574161615803
-5.990681501158796
-5.989582656521731
-5.981883396552055
-6.003711389438138
-5.993693157236769
-5.982968208841116
-5.992493728372321
-5.988655684669107
-5.996113884330279
-6.000119038238138
-5.989876076849074
-5.983449478682965
-5.986270083181753
-5.98554737316303
-5.988186745084095
-5.987502238898342
-5.999813616089473
-5.982907321165138
-5.977303643762621
-5.985050243746014
-6.005326144668613
-5.997069475704862
-5.994819863105525
-5.978372303913203
-6.002923113968494
-5.989457351245093
-5.993804110257465
-5.988300482147831
-5.990968511751431
-5.980507153588766
-5.998001793053123
-5.98855371028984
-5.994976505206819
-6.000399324135754
-5.994604389447012
-5.989405538507736
-5.995245173336425
-5.999108542890507
-5.99825901883961
-5.987242548514336
-5.992464331373074
-5.988841285932661
-6.001078819376072
-5.979445917893131
-5.999501446770034
-5.993468771504345
-5.971605192926077
-5.982824615819071
-5.999879219997435
-5.999113682397153
-5.991914556701402
-5.995484569453049
-5.980743744092754
-5.997943476143893
-5.989441917499907
-5.995730610072941
-5.988945204940066
-5.993529402191066
-5.976873412848534
-5.983125948264724
-5.980157043350847
-5.980528055874067
-5.972119062737719
-5.987764281421818
-5.984145401406908
-5.979073426217467
-5.999425126736503
-5.974913046296862
-5.992486491154256
-5.977196682472138
-5.987775415052782
-5.986491151625467
-6.006840820256795
-5.988614887414117
-6.001380025708708
-5.992623719322432
-5.978109794714356
-5.992821613984034
-5.986053340550892
-5.999947103475225
-5.982982333779072
-5.991201216737432
-6.002126470533295
-5.989122694495036
-6.003431250899347
-5.972742153305473
-5.988397698002589
-5.997618720375219
-5.98899559818041
-5.972920094729686
-5.988794784554294
-6.003681859289525
-5.995350422035355
-5.992794692286222
-5.999310983029558
-5.984147670903359
-5.988144024264975
-5.976704859245227
-6.005945861592803
-5.99276201654091
-5.993760852497818
-5.985952415483552
-5.979381059108435
-5.992526522473792
-5.99322740120012
-5.998640242747393
-5.98640513833285
-5.99276987707957
-5.98360658016299
-5.989322091819504
-6.004773586429091
-6.003683108216435
-6.007580477381323
-5.993017256583451
-5.990801462444836
-5.990200984001842
-5.998286625184448
-5.988578660886589
-5.995063882061439
-6.000622075908917
-5.976220888834764
-5.985153295204286
-6.004781927554863
-5.995017490559476
-5.978351466281952
-5.988737091539914
-5.987977858197207
-6.010672461354768
-5.989752038294789
-5.993406732867091
-5.990478078895401
-6.003514570091536
-5.988954063189158
-5.989466545578546
-5.99495695238963
-5.99323507215993
-5.991554450573456
-6.003705695532731
-5.97344945210684
-5.987839670926917
-5.978525711996557
-5.989305136102024
-5.982434217010103
-5.992414582692939
-5.975429059871163
-6.000983538411965
-5.980080418993809
-5.979985824047298
-5.996626399528395
-5.992922641629352
-5.985089793250989
-5.995369012755299
-5.995729525909449
-5.999750000854305
-5.987314685323517
-5.987860125313048
-5.992157221724055
-5.997325492448558
-5.995329386333879
-5.98313046705595
-5.991051715785127
-5.985377644673088
-5.995996326892793
-6.001841495315371
-5.995669842561305
-5.997135601341783
-5.990159040441238
-5.995667409527665
-5.992685239223544
-5.991723041816741
-5.992867628274044
-5.976699681662372
-5.984689823218091
-6.001410970742252
-6.00144598812745
-5.985604398484296
-5.997460078229848
-5.982368215536594
-5.999402526957955
-5.988198718620868
-5.99720310463541
-5.974402452933202
-5.991155374993463
-5.991981275942574
-5.996073762080679
-5.978297592139225
-5.981370806843808
-5.980113440218406
-5.983348096025429
-5.994805537159088
-5.992114643547574
-6.003457140837527
-5.993816731498551
-5.98291993785886
-5.997910747342631
-5.985996719600368
-6.007194666360965
-5.997891397174349
-5.989530372647347
-6.003771587472134
-5.989850037246565
-6.002308437850912
-5.977643762449071
-5.988840955222453
-6.000638636490806
-5.98680270976003
-5.99166620989543
-5.984335417400919
-5.993234064473947
-5.989661499827513
-5.989584512812618
-5.987346750577551
-5.99101239873832
-5.991735315165936
-5.995981493761654
-5.980639057108676
-6.005187580022623
-5.999139670830167
-6.001367743139898
-5.988421194786427
-5.995538588015787
-5.988047534751895
-6.001516584192965
-5.987412704363179
-5.996513876116998
-5.99174074501131
-5.982772679899377
-5.987250555214827
-5.999083890906474
-5.988307464298025
-6.005094169928177
-5.988598734631346
-6.000823433806582
-5.980682491634687
-5.979295409974392
-5.999018786739892
-5.996516613233266
-5.988820328174392
-5.995384928650414
-5.980374395171799
-5.978997490266946
-5.990071245069142
-5.982506305885003
-5.984271295601904
-5.989128750037507
-6.000500167670885
-5.995511551599598
-5.981857253923176
-6.0120362595153
-5.994326346880389
-5.994417287190403
-5.986411341167097
-5.99538999258314
-5.989519790159745
-5.9910861093135
-5.986624392266661
-5.99082971696923
-5.990953217364903
-5.987629430987723
-5.986328444379553
-5.991966096381236
-5.979003596330656
-5.999752180624035
-5.987773832387439
-5.992566539742211
-6.007413222985297
-6.003246773597392
-5.979917519035393
-5.991187289305779
-5.992309429993983
-5.973887105564566
-5.987410655575113
-5.99118648606449
-5.977166868752647
-5.973805329265399
-5.994487469503165
-6.004491981541297
-5.988867382802277
-5.984454559517338
-5.98529380661856
-6.002171464508093
-5.989628871090066
-5.984388323797071
-5.986403682920193
-5.980671303479397
-5.987510119768146
-6.000098691651742
-5.989184763655909
-5.990510595337291
-5.976096203474276
-5.975389898819125
-5.992303471913567
-5.991771862446095
-6.007103128826262
-5.997913886755834
-5.990152254396849
-5.985556482093879
-5.979334098243908
-6.001936728549129
-5.984432954786253
-6.005059828633149
-5.991673721701958
-5.988987878771176
-5.998733664553125
-5.983811735954596
-5.979946573197543
-5.997254552218948
-6.013148805273786
-6.000259690232557
-5.980386765817303
-5.973676626532706
-6.000462384363684
-5.99519810720301
-5.994398379881437
-5.992500299950987
-5.982243098947395
-5.973203720856433
-6.008155932525095
-5.971367799741795
-5.997457457253121
-5.999448759126548
-5.986501557859494
-5.997478275391578
-5.994939780144031
-5.991156594260816
-5.990000849999679
-5.983577574259495
-5.989185414567669
-6.006852561367598
-5.974088320233067
-6.001550549001283
-5.99454069621409
-5.984404682627653
-5.983842500584641
-5.992336943548063
-5.995266346263527
-5.993648895751178
-5.989923590718559
-5.99623357085493
-5.993135873743403
-5.995070690514027
-5.989674247354751
-5.997093386334419
-5.999554698138907
-5.977125832562809
-5.992397238893843
-6.000452982937867
-5.996897292751359
-5.988153759160626
-5.981882347595175
-6.001538228952201
-6.008755632370066
-5.982124733614011
-5.977727519653994
-5.985142337600245
-5.992780935127716
-5.98898181531839
-5.990784048240997
-5.984938432940738
-5.981211205743558
-6.006149329309828
-5.983448781900356
-5.986333873191392
-5.988877611861399
-5.993618467275176
-5.99938571749492
-6.00208977312931
-5.973585156391489
-5.984070551956839
-5.992916690178253
-5.998894425191579
-5.99113575633048
-5.997296501043725
-5.995266832456277
-6.001571686432991
-5.999376751570775
-5.995241098558122
-6.000447681990576
-5.992224833677989
-5.997865660267837
-5.988290198868217
-6.011554791841236
-5.989834583481117
-5.984552482725592
-5.993971482700156
-5.988659517061379
-5.995881269653366
-5.983104172021792
-5.999609720059457
-5.988305857005941
-5.99488034666401
-6.002412227307182
-5.99009940758399
-5.984895604643105
-5.970771715003965
-5.995182962913623
-6.004579652093005
-5.989921250544352
-5.995001641269436
-5.995021704655721
-6.006101979394249
-6.007651557703739
-5.984422939862125
-6.002925924773304
-5.995986212145881
-6.002408182050999
-6.002858275520795
-5.995022151971912
-5.983514315111954
-5.988846818878904
-6.014108670720652
-5.984241611970165
-5.995543089794193
-5.995421025184056
-6.003869833027157
-5.982882590371224
-5.985653769746988
-5.984502026570616
-6.014055256775227
-5.988636373904392
-6.002999909425935
-5.982780352426132
-5.997414896435889
-6.004720486106764
-5.977876161939998
-5.995070841793602
-5.990147306643412
-5.988366150920847
-5.991961983333949
-5.987176240046352
-5.986673874067977
-5.98060560121736
-5.982103882368389
-5.988764136801308
-5.997844317776154
-5.994048127858266
-5.99317793307747
-5.99368398016066
-5.987115057069082
-5.984320525124224
-6.009153917489621
-5.993387932834633
-6.007401651606944
-5.982563784732343
-6.003252543451736
-5.986276763124323
-5.982594428726014
-5.991119510574829
-5.987959687565483
-5.988451867317652
-5.996620537561409
-5.989679097321297
-5.984679842799749
-5.973524342055123
-5.988814162460184
-5.984705467076608
-5.97678029648855
-5.980455020729686
-5.987388272643607
-5.981926748546131
-5.990989233766677
-5.998700068103076
-5.989761155435234
-5.998703862168656
-5.99897012101892
-5.990183513619187
-6.005457813844889
-5.991512031366414
-5.98931259217122
-5.980848680354912
-5.994544216905691
-6.007921916264524
-5.989520626242044
-6.00379533041263
-6.003095463926924
-5.985645780891201
-5.989951161448317
-5.997958431498856
-5.984602974775604
-5.987217502251741
-5.982958594097682
-5.983407290036207
-6.001220069779508
-5.992086781351111
-5.998732832944967
-5.998698536987639
-5.990802340885763
-5.984697082980099
-5.994314287971446
-5.983298159148525
-5.999614244055933
-6.014397952669876
-5.977315567013055
-5.990626650843928
-5.989782883764755
-5.994866239999264
-5.984620176004353
-5.986015675125717
-5.994902698358091
-5.986730023412248
-5.995469906474928
-5.996640472853453
-5.993136984585566
-5.995993229661273
-5.989903664750126
-5.995302486883672
-5.991194535378168
-5.971187249284892
-6.001674869176443
-5.986297928155252
-5.991320426612327
-5.996202327302016
-5.996586143618543
-5.988136811648032
-6.004855652653774
-6.003376965411406
-5.980179886797425
-5.989997896864743
-6.008287821026288
-5.988005663206342
-5.983090788485824
-5.977729618404987
-5.986080896388511
-5.979624864274609
-5.997905825373315
-6.000083042527686
-5.973725614088467
-5.989486885956905
-5.97032344677597
-5.992348753520041
-5.987294206574401
-5.976416920577504
-5.999962009810499
-5.982281848318164
-5.99151504881296
-5.98184724513993
-5.990504272179337
-5.9776243711519
-5.974745145401147
-5.996545050941121
-5.990200662553052
-5.98717859702645
-5.984148021562349
-5.990187912983262
-5.991188497485981
-6.000850325303063
-5.984865167938344
-5.986623868880622
-5.99967776012096
-5.983701533327356
-5.991025971914151
-5.984019441402766
-5.974083870124302
-5.990048370893367
-5.981020721225743
-5.996889345618829
-5.99174807360049
-5.99458627530101
-5.989269359770759
-5.998359189730104
-6.000955161016477
-5.992017169764775
-6.002905345502793
-6.013962212766162
-5.990366634588049
-5.987340181128543
-5.99368510250167
-5.990661836453958
-5.996331257421041
-6.006437179353222
-5.986992340769651
-5.982862052262009
-6.011770904923786
-5.98487123311952
-5.997066366377482
-5.981552397195598
-5.990805354350065
-5.991828378284737
-5.987809912281659
-5.994591997054812
-5.988881830280069
-5.996646550609769
-6.005418981545293
-5.990155528874617
-5.992067728564177
-5.992514297481925
-5.989162104392322
-5.991333214409442
-5.980896745295345
-5.993794348216756
-5.990001732973731
-5.993263689553149
-5.976136166955255
-5.971081670886873
-5.98802628846284
-5.998823510615172
-5.98197573355954
-5.990308019302576
-5.98418883513436
-5.99741066912912
-5.99892385093241
-5.994201421977237
-5.994950633966815
-6.003445493939556
-6.001280717040211
-5.990727686801121
-5.98699368863536
-5.990586800117724
-5.995744730231735
-5.99167121037723
-5.997882256658682
-5.980958050314485
-5.996184481508082
-5.98507350123656
-5.989399607325543
-5.981764826903383
-5.975521735010412
-5.997814242874993
-5.982209376724529
-5.992084355614089
-5.99682682920662
-6.000158359685582
-5.992522305019173
-5.998750853497032
-5.999294936383886
-5.994247516714572
-5.993021793591118
-6.003065529151377
-5.993359584619639
-5.989104726295856
-5.992635804413404
-5.978438771710996
-5.995923029844997
-6.003587912960094
-5.984767427948041
-5.992214292476986
-5.995938310996049
-5.978118343214986
-5.98808824948728
-6.000304420277408
-6.001595228028942
-5.992965868297085
-5.990954373025578
-5.997591125077985
-5.986009613057853
-5.993937631676652
-6.002217374437946
-5.992109634397805
-5.993609516503054
-5.9892477232505
-5.988602811394662
-5.991643012769641
-5.985372726292764
-6.002541717440439
-5.98452282738828
-6.006431354831929
-5.986435279284763
-5.981828423552915
-6.004479127391784
-5.983954748029372
-5.98946074964516
-6.007572752939285
-5.991076932809395
-5.980184395075522
-5.983087388341848
-5.983478041542281
-5.979949804546743
-6.001005319605832
-6.000636331678363
-5.992241138809121
-5.985130771836682
-6.005771354824212
-5.994102342514904
-5.976242272169386
-5.983293719887729
-5.985363926229556
-5.98509029194491
-5.985768220261061
-5.987305942639993
-5.99180248972839
-5.9836853409018
-5.994989305704566
-5.995765502836154
-5.994105050187221
-6.005360566223971
-6.017839073380106
-5.987207598432317
-5.993931045362632
-5.987672208191134
-5.997089669810046
-5.991755573424538
-5.985196249005046
-5.986058843001374
-5.974587315587734
-5.993427911651589
-5.995604762548694
-6.004321786336731
-5.985981300663378
-6.001207078630888
-5.987037540479106
-5.97360499288511
-5.985663374342248
-5.991848403283793
-5.991458055112558
-5.988707663060708
-6.001835287372661
-5.991186082669593
-5.991347794148189
-5.989134704978132
-5.991229658562103
-5.989449010549857
-5.998979587696716
-5.981999979992156
-5.984531887693797
-5.988262378571168
-5.977703117717575
-5.993133983851008
-5.973383999416203
-6.008415796455281
-5.985833650291398
-6.000505692672811
-5.984350666258102
-6.003423268958106
-5.993351336752538
-6.000342693240961
-6.001448888772617
-5.983964784403978
-5.987035837856074
-5.991241945160024
-5.994764984042897
-6.002830373575854
-5.99157096028385
-6.002263032141451
-5.991992368139782
-5.993474379517956
-5.991215436752156
-5.978463354597238
-5.996011099656757
-5.985950260984735
-6.002620440882741
-5.987839818214725
-6.006430046710457
-6.002272559311204
-5.998730974873193
-5.99159031845681
-5.99738412736819
-5.993368484725494
-5.988370815990904
-5.986748358591264
-5.979420951488458
-5.978370056401699
-5.977972167564334
-6.009141300769652
-5.994798061360905
-5.994931473149221
-5.98364121565915
-5.995755133934011
-5.990998194450757
-6.004529808393304
-5.993215653759907
-5.986478818558179
-5.985499233345901
-5.980913517218514
-5.971507062547166
-5.992646223617832
-5.993150410644083
-5.993293054564755
-5.998066855429771
-5.98954118003942
-6.000606917576995
-5.994229113688318
-6.000109884932827
-6.000575825129193
-6.003239905155
-5.984432493814232
-5.981363014592618
-5.999168302415028
-5.98660847575676
-5.990806995608392
-5.98378213136858
-5.986891473745471
-5.993101395587519
-6.004746124877594
-6.001294671244864
-6.013812565425836
-5.979226199424171
-5.983965782029223
-5.981440698045676
-6.009521745520964
-5.991012929878641
-5.997745899378903
-5.980843946448545
-5.991325624345597
-5.994587101509617
-5.992861624154733
-5.992848292626539
-5.993716852867703
-5.988912969923503
-5.98876324919224
-5.968167586127939
-5.968846529146009
-5.990292506505427
-5.998334669286422
-5.988196901618815
-5.995821686061151
-5.980440731117158
-5.999878539780823
-6.000067726127041
-5.995223499538683
-5.991821814252344
-5.999494839644101
-6.004303958327677
-5.996111888339773
-5.98880808541074
-5.984042581674228
-5.992462155189655
-5.977581622484977
-5.989636317405763
-5.992667862556241
-5.988407619991324
-5.997664966278633
-5.99324306749385
-5.99530532167888
-5.988332506440944
-6.006822733394142
-6.005031787282059
-5.98458710925857
-5.993187652849262
-5.99977072998921
-5.991193284996956
-5.995233489924913
-5.997440790168397
-5.990131039074613
-5.989206140459868
-5.980402748656311
-5.995449066092648
-5.995524158494377
-5.998752737226098
-6.001332573034148
-5.984557405458032
-5.98729449860574
-6.008295245316986
-5.996330042856692
-5.98922474756229
-5.980688418983779
-6.004018161408426
-5.999614273957591
-5.985522264551517
-5.982198409980183
-5.981818241189629
-5.99174130671437
-6.010890364254202
-5.983613430120055
-5.990429585413279
-5.984446811193034
-5.99849706369511
-5.989161508451414
-5.983718045620707
-5.966435981353227
-5.994098194333558
-5.982603995179822
-5.992559428785277
-5.980155418267826
-5.988103097814058
-5.983834146076623
-5.998148146490998
-5.983314375843681
-5.992148189054226
-5.980873935003472
-5.983129976918611
-5.981045001121315
-5.99797539299392
-5.98638484301667
-5.98319986233217
-6.005483654238007
-5.99495810496609
-5.993698640411192
-5.982499941863078
-5.982676497968241
-5.991842191017092
-6.002289368052601
-5.977822830965314
-5.988901274253489
-5.989303812315569
-5.985711506269233
-5.999951258466789
-5.997277030405145
-5.986383859199954
-5.977464216258054
-5.987160328794089
-5.992012420651627
-5.995046510297511
-6.007429973966067
-6.00442523392174
-5.997153164605609
-5.988310295093897
-5.982910001181367
-5.985019532458142
-6.001684012833317
-6.006811839814909
-6.00768708593615
-5.988461809747712
-5.993136818648565
-5.993021382754033
-5.995654224301014
-5.991351648952723
-5.996447954914803
-6.006985921441573
-5.98836719013804
-5.989783570977389
-5.99967695637615
-5.980849033731573
-5.989188446826499
-5.98593145642202
-5.988929067744795
-6.004695019210834
-5.996579773922645
-5.987252937814471
-5.997150745977376
-5.986862669387292
-5.982485415389725
-5.979937822386503
-5.99397595016973
-6.006699264673938
-6.001250257729663
-5.987171409671523
-5.992844034209932
-5.982958511178154
-5.987393313651577
-6.002478872242802
-6.001573693763888
-5.978709125277187
-5.993757058365038
-5.976411262716137
-5.997679296630368
-5.990613917438213
-5.983887982947149
-5.994548836473324
-5.995327373909554
-5.994664423755567
-5.997602876602742
-5.986159911291713
-5.986184594152252
-5.992274190870314
-5.987918915995238
-5.977488653126348
-5.99772929811279
-5.997507641806973
-5.998525640261073
-5.992916410009647
-5.984368875639642
-5.983717994883591
-5.996778456469375
-5.996910816904154
-5.994777249816631
-5.984801251042624
-5.993062331741439
-5.983550855800071
-6.005459722614158
-5.981936712167904
-5.993985633894389
-5.970540673268606
-5.998751292051325
-5.990371786294731
-5.994308342904975
-5.994646410907349
-6.007015846465029
-5.989466363069037
-5.986106935635386
-5.982901027452351
-5.994580189968269
-5.990316983673556
-5.992114317881618
-5.997814702904388
-5.968946654836924
-5.975320846238611
-5.99163250373222
-5.992698502121069
-6.001567466247776
-5.987501296597932
-5.988144135784371
-5.979789848857576
-5.991864119477068
-6.001417770231353
-5.999274194157462
-5.988609381786019
-5.997622893788085
-5.994884744404631
-5.997852731810021
-5.983277868575991
-5.994796090841801
-5.98604472561268
-5.985549606814447
-5.980836284559
-5.988471685297336
-5.985846124689476
-5.984456331068873
-6.004807349817795
-5.994398554254107
-5.998668008126177
-5.987884102289019
-5.997280246223531
-5.986372340001002
-6.007921328930357
-5.987855420699061
-5.99085108328396
-6.008645931113524
-5.975692772311239
-5.993600424967207
-5.986288895577657
-5.988148717189446
-5.983609123908594
-5.989099583564555
-5.976346310165577
-6.003156572548262
-5.982831244080404
-5.97820815286132
-5.990640655199224
-5.99598068954468
-6.00243824622878
-5.99409864215848
-5.981636283579944
-5.994370054389289
-5.982067462947545
-6.002000742679356
-5.98642290172517
-6.000170876902176
-5.990791329297563
-5.995176598319589
-5.982464353356838
-5.99261394190451
-6.007809706483387
-5.975069169480009
-5.986432775235608
-5.986934927868984
-5.992986714531857
-5.99655998325336
-5.999583698022887
-5.985569449024539
-6.006168792353242
-5.999405543828467
-5.992604099179566
-5.983392623638812
-5.982448889342058
-5.995895713107315
-6.01019090472272
-5.995159889827425
-5.986751342344053
-5.985775828346862
-5.993359237708592
-5.994659164355633
-5.991892669663978
-6.003193353761419
-5.995762894067824
-5.988023818389634
-6.000231791874447
-5.996702386085533
-6.009664392020674
-5.988760760264407
-5.998480585618423
-5.994281784259012
-5.995746402780874
-6.012126618482088
-5.985442315719365
-5.990340007188647
-6.001361768710143
-5.990097998880475
-5.992587179802245
-5.996245143055455
-5.991794903231744
-5.992524566898247
-5.985234741040747
-6.005772995770296
-5.989319235308938
-6.007132743214121
-5.98835752945253
-5.985693887181443
-6.008652577886115
-6.000877798158433
-5.986248428142787
-5.984292463369074
-5.996427659480753
-5.98840993546033
-5.997111082129806
-5.991173354470548
-5.998680475789526
-6.015559607821894
-5.998247783651673
-5.999466107107063
-5.990344104855768
-5.964248379658213
-5.991653099770033
-5.984937329966807
-5.989556209541635
-5.985221371852393
-5.997294645798338
-6.00409836858988
-5.990834082188701
-5.990448166153479
-5.978233687844298
-5.989055251763788
-5.990633181530187
-6.008663753702569
-6.001568322772544
-5.997832328688983
-5.990818620558614
-5.977674407935584
-5.979932043406348
-6.009021550412254
-5.993235752960532
-5.999687927288559
-5.99508037796677
-5.985053206591992
-5.983142377779292
-6.012717045617472
-5.987133395260002
-5.974239651454734
-5.986572357954874
-5.987707020041903
-5.986286658816628
-5.973071702845376
-5.991856140199271
-5.993315999261601
-5.983188267349354
-5.983827601525821
-5.980380190504335
-5.990728037182731
-5.995986901700882
-5.994397264201524
-5.997557108290057
-5.977334710686902
-5.987186960341644
-5.990106841681822
-6.000219330134446
-5.971861583268389
-5.993075924073014
-5.984955106230744
-5.999370784235721
-6.013968171824568
-5.986204946265232
-5.990162724234568
-6.006107264627968
-5.994070965895888
-5.997362869909669
-6.008348350888505
-5.991598672775087
-5.998131791484504
-5.995353477612846
-5.99063260088103
-5.985205661699487
-5.987002488862755
-5.973338737443496
-5.992529072248577
-5.991117532603566
-5.982291784927295
-5.982224898748687
-6.003712405529208
-5.990869436414642
-6.002290316179812
-5.980224254697552
-5.991503682746193
-5.99069463287478
-5.990249731985876
-5.996539437150098
-5.996210590761611
-6.005291488118198
-5.992282426110925
-5.98035597528117
-5.994741802244278
-5.990632879383032
-5.989380627642169
-5.985031437202866
-5.98745368533674
-6.002366314916357
-6.001038856036905
-5.983309237568965
-5.997369856621248
-5.988187381918027
-5.984715488152164
-5.994464096892351
-5.99414066436516
-5.990490560794039
-5.98074067618958
-5.974890514948829
-5.989648153940931
-5.988074838165069
-6.001088484802265
-5.99207457780386
-6.006926413343694
-5.988601501483727
-5.994829574609541
-5.992950391596362
-5.986977853004125
-6.000703019682767
-5.977337532475304
-5.988852811634617
-5.991437485251934
-5.972860148315906
-6.006892838292887
-5.98766453634233
-5.993777169133191
-5.981134232859618
-5.984342819254007
-5.993865978689766
-5.980033663525139
-5.985193324120684
-6.005863299468786
-5.985957499851759
-5.982910170006525
-5.998464041068215
-6.009902612276337
-6.010276775518129
-5.976689928012901
-6.00265569189005
-5.984360454267843
-6.000607245313856
-5.993580152398019
-5.973456478293866
-5.987208811071357
-5.985242678307265
-5.99476144913032
-5.976302947646713
-5.986733266315972
-6.004301693500216
-5.985726538596007
-5.993405189117436
-6.006019141222363
-5.979373719653341
-5.968682197021564
-5.989937862045581
-5.997748268989822
-5.993735666543875
-5.977294919245405
-5.977496805651235
-5.991933656134361
-5.975454071004966
-5.990895385062809
-5.9885584679108
-5.989963183246307
-5.998962598305161
-5.996295387202657
-5.995556920236985
-5.989890140982451
-6.002967593700603
-6.001252432860623
-5.99229784885583
-5.999186709556549
-5.999950159095377
-5.978821810757022
-5.997567514741111
-5.997647000952015
-5.983196461290058
-5.977497350259068
-6.00081171945058
-5.995183043774939
-5.975436037716769
-5.991792097799203
-5.97191852359182
-5.987518898689155
-5.991505102546215
-6.003203675891741
-5.989556007824709
-6.002926327530587
-5.988785025332256
-5.98625470842789
-5.981557654770475
-5.982390506598434
-5.99419107373765
-5.998452715915365
-5.989113717691762
-6.003102671159145
-5.985828215714391
-5.989508163996317
-5.993324551122648
-5.994517919503186
-5.992220054178378
-5.99213491386483
-5.979790777338195
-5.988681245020133
-6.003181833444201
-6.000496581693319
-5.986983392901536
-5.991687018748876
-5.98850253925554
-5.994559928571997
-6.004539986598762
-5.993610888831347
-5.988056684436356
-5.996469823743007
-5.990803116874082
-5.987802639584871
-5.984497556676174
-5.976005888780232
-5.971746023025307
-5.988012321124261
-5.985240505792061
-5.982644486793251
-6.003508636977089
-5.992696847119308
-5.987176292209718
-5.989771639223961
-5.99305548972407
-6.011090722230176
-5.994576642811112
-5.989033427379263
-5.990619904785837
-5.999259495062731
-5.982696201670928
-6.006552834963797
-5.995497402550729
-5.996256576630182
-5.981960773337201
-5.979101878018427
-5.979493531809807
-5.991413054539397
-5.999272044627126
-5.972073173881736
-6.000053641316864
-5.994535021070584
-5.993086370789105
-5.985371470324313
-5.988712583300622
-5.981056539156124
-5.992416654387004
-5.995124886265781
-5.983215948591072
-6.02205229736668
-5.963711256485345
-5.985879614306619
-5.975652886025857
-5.997159575920347
-5.983367946776179
-6.001331518477875
-5.987111403252787
-5.990917157865494
-5.998504070094818
-6.002709243866803
-5.976522616319469
-5.99858888532751
-5.991233810133568
-6.002028100795947
-5.995993737216983
-5.994642097546641
-5.988949886523094
-5.992899243473273
-5.984421682207482
-5.994241341684743
-5.975838102773343
-5.991160568566631
-5.984787857448048
-5.995216790585288
-5.997757957598811
-5.985094524462936
-6.013932418795571
-5.980897502164479
-5.993282359911712
-6.012758592486743
-5.987095372797869
-5.984155911969436
-5.975114026472921
-5.988273489862324
-6.000847834895376
-5.991560997829326
-5.977912641534586
-5.998148581380558
-5.975405372855694
-5.998071232115321
-6.004150412145907
-6.000745801945294
-5.994223442969934
-5.989672946032265
-5.980302690345175
-5.984532065002278
-5.978687590581033
-5.978114882953402
-5.994768816453229
-6.002521011637608
-5.986721423207063
-5.983703228877268
-5.982173022599404
-5.98372041315194
-5.980423836397877
-5.988153577735742
-5.987001958035648
-6.012018303634693
-5.991113019281178
-5.986482645692131
-5.991290780446096
-5.986635613253467
-5.985340707657662
-5.995408431214008
-5.993323957684259
-5.988012237108788
-5.976476662452281
-5.990805705003652
-5.99541799450024
-5.994552069705786
-5.981054377997806
-5.996059935558209
-6.000732860660167
-5.992105458702839
-5.988601063281296
-5.995371592222629
-5.984699688608616
-5.996895839414774
-5.993847517302418
-5.994605381530317
-5.992291991831089
-5.978371869557958
-5.986162003806236
-5.984931765216797
-6.002020439006149
-5.973345689718412
-5.998690277438558
-5.999081870825995
-5.986417829800152
-5.97738254443667
-6.008146508399999
-6.016923419999348
-5.998843922493165
-5.981424210061168
-5.998586161056167
-5.985813617052633
-5.986595409176066
-5.990739490794297
-5.985761689881148
-5.985815445049433
-5.985846294996107
-6.004458929544586
-5.984472042738445
-5.996286814438833
-5.996991943016943
-5.995368987115988
-5.989240823309823
-5.999376990284103
-5.989148388358766
-5.9873959718773
-5.986087285406206
-5.991865740091041
-5.984254402499092
-5.987854914676275
-5.993170626735763
-5.997770684533687
-5.996836317107607
-5.980390147528015
-5.992745615595384
-5.979170170282299
-5.9895345882617
-5.992827994699721
-5.984957972695382
-5.991475552957104
-6.000956928326815
-5.992256942999703
-5.981562872232777
-5.989590748466843
-5.993071915079841
-5.985508856431124
-5.99591851137895
-5.987178088384064
-6.004033590643435
-5.99568278414385
-6.002793105663399
-5.988925973801362
-5.984044007316632
-5.992722019058187
-5.992527131823953
-5.989601987399226
-5.993408591764043
-5.995046685851849
-5.983501164820799
-5.994711524815616
-5.975542400650962
-5.98289396505515
-5.985380751991057
-5.988990048806691
-5.97991966555629
-5.983193442040427
-5.990587664096309
-5.985716537399182
-5.994841804106911
-5.992772419700992
-5.989412944654427
-5.987889010092002
-5.98486525531553
-5.989504712529366
-5.99103984992462
-5.986156665473668
-6.01072656866495
-5.989106934654618
-5.993048732274129
-5.979087093823563
-5.997416762256896
-5.984540788590308
-6.007464208318101
-5.996013301765964
-5.979233969412567
-6.003546688097677
-5.977047162347256
-5.990836690230164
-6.00531039162609
-5.991543745864609
-5.984421807444305
-5.996302044489767
-5.967694525325197
-5.995109009537858
-5.99543465605215
-5.988043690635629
-5.983273930589945
-5.989036023559571
-6.005175323934059
-5.998376296540343
-5.982287913476325
-5.990091434959365
-5.994881698827089
-5.99664030410023
-5.983050193326852
-5.985842857420397
-5.987608197756852
-5.990220193446381
-6.001255307511732
-5.974503851909228
-5.986149336874097
-5.979584080137436
-5.994087571733531
-5.989448756262463
-5.980023436328919
-5.993798334181328
-5.998821079824898
-5.996186430734654
-5.987775700067219
-5.990555228824588
-6.001191586285464
-5.981715382657281
-5.989910534354858
-5.984765967688283
-6.001916267058834
-6.014498989916766
-5.980574639954905
-5.983907654420195
-5.987762799133187
-5.997748236036065
-5.998559833667556
-5.998534565471928
-5.987336403905111
-5.991410452984647
-5.994947143627619
-5.980319701928375
-5.985048930988954
-6.006134199946718
-5.993207067967293
-5.998539189276969
-5.986335511232035
-5.989622008486085
-5.995483966985908
-5.98973767190535
-5.993735829236081
-5.977022701010417
-6.002063726285026
-5.988151706800728
-5.997277760797039
-5.996381194035536
-5.99172146935109
-6.002667415655137
-6.000855851560801
-5.99475662772423
-5.995512988062361
-5.97070919470741
-5.999300343921219
-5.990030090331464
-5.979309944476669
-5.988237847359979
-5.986919570172798
-5.978922710578309
-6.002933529599519
-5.985334557362139
-5.980405082221558
-6.002592837451878
-5.995058924696882
-6.010690098041663
-5.980213522085733
-5.985374390526166
-6.000115972932774
-5.987834408539743
-5.98191327863853
-6.001834284718336
-5.982510415488846
-5.993076633944364
-6.002664014926351
-5.989876669859634
-5.97781261285149
-5.986591475988485
-5.988726612878228
-5.976150412277366
-5.980963291620843
-5.992179572795045
-5.986569485776013
-5.987985652422591
-6.005297322269085
-5.974542033664633
-6.002124719061575
-5.997609328549191
-5.996009521125993
-5.988668934444658
-5.980929961112458
-5.98838401324703
-5.995504066704972
-5.9965822473094
-5.996840327918279
-5.967416090829484
-6.007043237105646
-5.984060356488949
-5.997336256703814
-5.997784060431258
-5.993225260696481
-5.993781239434778
-5.992407022489471
-5.998277991663977
-5.995472971947707
-5.998446551049843
-5.98015336795982
-5.991250598028095
-5.993097959447895
-5.98866292582167
-5.995703906998325
-5.996591418838867
-5.997092797696923
-5.989503467731412
-5.99975281269167
-5.991121859964975
-5.992302475149996
-5.979684146688422
-5.986346953408872
-6.005670141480484
-6.006566798942321
-5.983233545623309
-5.985697567033006
-6.002626499242545
-5.989059873389145
-5.994736467248478
-5.994760438670151
-5.981169761861
-5.99760060418504
-5.984255505127303
-5.984493986769633
-5.991924827862738
-5.999868130478796
-6.003528628545188
-6.01342491484912
-5.979025768917553
-5.982527526763564
-5.987819121838121
-5.98117837401275
-5.991783853027755
-5.988624561810444
-5.993396569963443
-5.992087996817363
-6.006665601654133
-5.999931599333958
-6.000951278976341
-5.999580595733107
-6.011699038002543
-6.004817924213055
-5.982757722941555
-6.000701590676981
-5.982669299369038
-5.993576353906254
-5.999274002599388
-5.981788317052329
-6.004913682886763
-5.980040250386504
-5.996038449004113
-5.972355684198572
-6.00033523995391
-5.991638985207285
-6.001837463012914
-5.995366399650019
-5.997595601816416
-5.986796274588158
-5.99082471655005
-5.99311749489708
-5.984037781572601
-5.996333084921395
-5.978440153198512
-6.000919023538587
-5.992306804897622
-5.990471010634931
-5.999210747015915
-5.998346527704689
-5.991206964921559
-5.992858326904376
-5.992194855554993
-5.989575713151919
-5.982161033304336
-5.992699049306309
-5.997418826409801
-5.991264472193598
-5.990004855756429
-5.994830445838121
-5.984316073853251
-5.985518495299606
-5.976233093323811
-5.996726457578879
-5.978837285058514
-5.997082936722826
-5.990273628244096
-5.98251858023225
-5.994688476073486
-5.986545608464747
-5.994306773003424
-5.982773620821127
-5.983655114920435
-5.995236588022117
-5.987710949408217
-5.999291694289103
-5.992391006063777
-5.996334032113206
-5.989922184266317
-5.971559868840481
-5.991341129086633
-5.982775426341336
-5.981957960580297
-5.995314337893912
-5.991005438397755
-5.980952793025907
-5.990914357057817
-5.997212137719849
-5.997162031649044
-6.000800413797134
-5.992762398941614
-5.986650244123541
-5.991714400713292
-5.980388827654108
-5.982871330678785
-5.982301314319824
-5.984667110009333
-5.992863254379949
-6.006750437107781
-6.004824527407435
-5.986657573591413
-5.989250989729012
-5.993613750400596
-5.993836174978791
-5.978821225589755
-5.980033317532063
-5.988672103622208
-5.994374128799688
-5.997519042556802
-5.984788901599217
-5.988882398777702
-6.007610374599997
-5.984604465733953
-5.984632158058502
-5.981978727516785
-5.991737002804589
-5.983779120032339
-5.998346265732119
-6.003674773860955
-6.004329787627138
-5.992971569864262
-5.974064011932644
-5.992635772786049
-5.992420476543683
-5.986161014166807
-6.00459357681854
-5.983944256171547
-5.979384086627727
-5.994965991815872
-6.000179125985122
-5.991889959095148
-5.991854349212948
-5.97535813279051
-5.983178967176676
-5.987609141080363
-5.981221606849831
-6.013896651730596
-6.000213197877661
-5.989368708546716
-5.995985287140654
-5.991281434185174
-5.97824732067274
-5.992002442165835
-6.003280334397855
-5.988557012572576
-5.987242118746747
-5.991623168709238
-5.989111960239791
-5.992088575881252
-5.990380657864884
-5.996582234775248
-5.976522044608261
-5.977313854457948
-5.982998733465311
-5.98924070576449
-6.002576497523401
-5.988887138107778
-5.984555363398303
-6.000557333105349
-5.982361711709977
-5.994708780593736
-5.988421801126417
-5.98342533088919
-5.993988983294805
-5.993365219680112
-5.987482855645087
-5.997933922969991
-5.982422236751148
-5.984588344272586
-5.984406310596531
-5.979705915752486
-5.980173883152445
-5.987402302819841
-5.993501619451963
-5.985731000705563
-5.998421502935747
-5.983495675542989
-5.98893305878433
-5.999075527939105
-5.991753266847033
-6.005582597754585
-5.981802340931518
-5.973592901117809
-5.989613376469475
-6.004179215811382
-5.999011202600045
-5.990275708948871
-5.99474137175935
-6.005857342433932
-5.979433636468979
-5.986667781792915
-5.990777526113894
-5.98573260077259
-5.980207647347336
-5.981544703533251
-5.993493267809999
-5.991832942601689
-6.011999025774802
-5.977950977260546
-5.98473269570251
-5.98390461943636
-6.00728947966318
-5.989440982807293
-5.996023936473144
-5.99820091870883
-5.995130997433836
-5.980273315196897
-5.99424748807988
-5.976545610420452
-6.000111651519752
-6.000422683562292
-6.0164029713372
-5.99229631515623
-5.994091807397287
-5.987372025054506
-5.980641206954791
-5.982043650479285
-6.008026346357282
-5.980089650946235
-5.996350292128328
-5.993158495822605
-5.988920918408131
-5.989449090169494
-5.987265271460982
-5.995604350786075
-5.990864000179314
-5.976540660029283
-6.002108204543709
-5.995817254806323
-5.999316909447211
-5.990138539170358
-5.980941634628056
-5.980794515291227
-6.003852795482945
-6.002265525537029
-5.980396944845356
-5.993984170919614
-5.977234403223241
-6.010517444131246
-5.990422507683038
-6.004240532729628
-5.991926280846879
-5.991111259877963
-5.992593601660285
-5.996363843693464
-6.012437563531213
-5.987289009923868
-5.988959971955685
-5.991190062509849
-5.997639782779157
-5.992068192481947
-5.984894305094182
-5.981748865601967
-5.996876318317391
-5.992585537566479
-6.008055826133567
-5.998895108249695
-5.997963577279636
-5.98686897955468
-5.97907568002159
-6.002492430356107
-5.998338505718234
-5.991844728744654
-5.988728382793401
-5.990692642167349
-5.985243612269876
-5.993065187257409
-5.991643692298176
-5.984340305573231
-5.989279400209027
-5.9862621469487
-5.994289884867681
-5.992912299128216
-5.99205016616825
-6.004974091742418
-6.003955737215436
-5.989609180028663
-5.990329503810768
-5.982596728543187
-5.993868792327685
-5.982795037239164
-5.985955743054334
-5.996899635975046
-6.006390446780657
-5.983512733560854
-5.992359813445944
-5.987207421191517
-5.976840343988615
-5.995562479504206
-5.984191348058463
-5.986780156626295
-5.988592202322564
-5.982043866402582
-5.990577669780176
-5.988789177790691
-5.975399409441675
-5.994166686057426
-5.997270451048862
-5.98627038447916
-5.989091142216456
-5.981295050694346
-5.989898116961348
-5.995083313958331
-5.990680102232269
-5.985335272011245
-6.006689846573235
-5.996795569550329
-5.98867910028238
-5.999401695379759
-5.98927793322799
-5.993056046883462
-5.996947078904283
-5.981201705843969
-5.988554859768162
-6.001007727288694
-5.997257719277275
-5.965758719236821
-5.996701755949184
-6.001218949590247
-5.986460611929263
-5.979752225471159
-5.996715976138802
-5.995198018225434
-5.998490119591788
-5.98666249951159
-5.988845176157835
-5.984924985703251
-5.986706779059793
-6.005142082399222
-6.004935334585509
-5.981792793602962
-5.993864860462187
-6.005906246299224
-5.985479786462736
-5.994302259788784
-6.010773578445465
-6.003615455953693
-6.002627254115229
-5.979702984463263
-5.985846711981637
-5.994959335539221
-5.996322967098577
-5.988040002314208
-5.987117752353965
-5.99042429077118
-5.995563988333848
-5.978364055990246
-5.993591426141221
-5.988293862443789
-5.97841218258117
-5.993789004066808
-5.989634550813199
-5.987149197920854
-5.986723576936461
-5.982033677047242
-5.989482253902185
-5.999151540817358
-5.992434471172807
-5.991608016243142
-5.991866616456722
-5.986456209943532
-5.998603373382658
-5.975821424841703
-5.99223431226014
-5.980728834714093
-6.006904986306891
-5.983337143076458
-5.980349705092113
-5.988232237923541
-5.983683341412599
-5.991865614131354
-5.984327412003178
-5.987209958245865
-5.994008592389695
-5.996400074764417
-5.992234778842281
-5.99808274864047
-5.973049724365162
-5.969476591474313
-6.000064549523725
-5.980815861950727
-6.003035075108023
-5.997077593595622
-5.991355947845745
-6.004469546555736
-6.000854009870312
-5.994681082491542
-5.998106799603501
-5.976878598952549
-5.985101180594887
-5.993768768376183
-5.99852155986083
-6.00132210701929
-6.00115217974223
-5.986943555738433
-5.983093265754786
-5.981137497945487
-6.000347653564788
-6.013086558818243
-5.997707964756519
-5.990246947416203
-5.981566280708474
-5.987568749664979
-5.978266850195856
-5.987129382928032
-5.99753920526971
-5.985872759612404
-5.992152419134402
-5.995889546649038
-5.969454804481146
-5.990518541871684
-5.971248426790151
-5.988896708936348
-5.989170871707896
-5.988456913964231
-5.997608067378366
-5.982111757229781
-5.985399546140733
-5.981426531639046
-5.996092756144344
-5.994922864256726
-5.983664875332585
-6.000468275028764
-5.983031731432701
-5.99597797487102
-6.000969039572544
-5.987868776134158
-5.993649516172793
-5.995040088382006
-5.980073314941947
-5.986817842600307
-6.013991688474085
-5.986790429136925
-5.988104387198714
-5.983983611004625
-5.987498956860562
-6.005265737433992
-5.996570766630229
-6.001617476788282
-5.979102685195945
-5.994107447909225
-5.989830382493946
-5.976507029688745
-5.994079649646698
-5.996417385428528
-5.978154512737259
-5.993947007665104
-5.986179752253806
-5.992502186072779
-5.997471624773135
-5.987015059738434
-5.992756570403025
-5.990960302714088
-6.005744274457185
-6.014269591268945
-5.985893474274071
-6.003089839453886
-6.007836849067218
-6.004019951071641
-5.981987868544544
-6.005171738479956
-6.000151641693268
-5.979928208462166
-5.97437865241215
-6.003111198404389
-5.977502682441902
-5.983828385741799
-5.995369524231181
-6.004302396896831
-5.983860613651701
-5.998423591769799
-5.994176083999112
-5.985141570424418
-5.99070237779018
-5.998897681070098
-5.983437191112919
-5.977988486925331
-5.979763447576278
-6.010603848796017
-5.99051737106336
-5.977925178514461
-5.98663163224829
-6.006501699876087
-5.999274528206904
-5.99910578763668
-5.999772917262584
-5.995758315515599
-5.985162908049944
-5.995111876561789
-5.985482069006861
-6.002139695286646
-5.981096093425877
-5.978138824866094
-5.990112905114662
-5.998123330901298
-5.992255917413075
-5.990977239457531
-6.004339359420681
-5.994335321024042
-5.998190734349096
-6.0052994795223
-5.986794981353827
-5.980435044388486
-5.992261426896605
-5.993953326489966
-5.981937718503207
-6.000609078283198
-5.98668353360538
-5.982397595706847
-5.999309172427464
-6.00060899553293
-5.993328305862126
-5.997010030684646
-5.99360430947479
-5.974263378264587
-5.998541525205982
-5.987277495756331
-5.985193406906226
-5.987217108507417
-5.998134322434982
-5.992560349056968
-5.978286711842226
-5.98421549352151
-5.990815679658091
-5.981247671955238
-5.980951745216982
-5.982070800598042
-5.998257973028512
-5.99473521858176
-5.991360175983221
-5.987335832050443
-5.978831820323841
-5.984994606874681
-5.978455091197029
-5.989435694847558
-5.995562373242839
-5.998754467657238
-5.999921156518644
-5.992476824366568
-5.996763601867206
-5.996649774471157
-5.985125705937142
-5.991268372900961
-5.977590182441797
-5.987270284214655
-5.982264278711873
-5.984262897136102
-5.977577116587082
-5.988069782768484
-5.997030863279743
-5.988909652881209
-5.98328479249349
-5.985880698577926
-5.996833135024119
-5.985909207760431
-6.002219663104552
-5.99736398344949
-5.987285252803155
-5.9831235889744
-5.9932136926418
-6.0067350197268
-5.979302288848779
-5.993732756135441
-6.003742987057357
-5.987127846110822
-5.986005953597648
-6.000183245579665
-5.975200825813877
-5.996399775442889
-6.000948129404347
-5.990919906906155
-5.983775016991705
-5.994882094430636
-5.991264910391901
-6.001923334331255
-5.994993865289485
-5.987478176091275
-6.001458812260292
-5.987087244240802
-5.981936066755475
-5.991401029591056
-6.000925111084744
-6.000945874168063
-5.991857889570656
-5.996606988239526
-5.998546100797419
-6.009070406206502
-5.99133485389337
-5.986270954165021
-6.002216833535831
-5.99798973267684
-5.997398885590465
-5.982710985910313
-5.985748189603128
-5.987879359254868
-5.985867876522383
-5.991012153980688
-5.993456852925184
-5.999121978320725
-5.980953073166861
-5.988913120512511
-5.988252599106657
-5.986267161983678
-5.996160248394556
-5.998347402658068
-5.990538432779656
-5.99743582089426
-5.983284568442024
-5.985674553279866
-6.003978363665627
-6.0053173403021
-5.993872794008112
-5.980594955635045
-5.990098104903075
-5.995647739093954
-5.995983862096446
-6.002623681845796
-5.984838056676006
-5.98284357709035
-5.990172023394781
-5.979608642924388
-5.998193489679916
-5.993640474717388
-5.980251920266958
-6.001987391820743
-5.995289224467196
-5.997849997821508
-5.988274966773444
-5.99237407534578
-5.983741791162167
-5.995782992662726
-5.996187236983287
-5.995256993054459
-5.976344273413199
-5.989464056763581
-5.990683050486458
-5.982400157631166
-6.003369427814151
-5.989262733521909
-6.002384158731454
-5.985566113903958
-5.993489390655704
-5.999915975683161
-5.992435283350637
-5.989946348656684
-5.979653351028431
-6.004449609572051
-5.998336907966575
-5.996550916118936
-5.983409130495092
-5.986845749576211
-5.994126504543093
-6.000540681444702
-5.967820117279708
-5.986034158344856
-5.991374615790778
-5.987144815183035
-5.985034351995131
-5.993278057757462
-5.984254732194167
-5.994960640947363
-5.976823133171308
-5.998176029718876
-5.980557326830524
-5.989086657269276
-5.992629074391268
-5.996799329470076
-5.996680161560286
-6.009957683960836
-5.986541255445188
-5.9876421038885
-5.99255719967339
-5.999411339249638
-5.987020920677998
-5.973912437898098
-5.996011838145419
-5.981984491038646
-5.992122024658909
-5.986044342394281
-5.985513597687153
-5.989449050820877
-5.985209609305365
-5.973248875343788
-5.993950325554946
-6.000114719082915
-5.985722568042342
-5.996533584800744
-5.99388621728711
-5.991563282975615
-5.993263321029869
-6.008066491213166
-5.991490150772011
-5.978653305675881
-5.986238810437924
-5.988417002395615
-5.993023060976514
-6.000318820076066
-5.996862756657273
-6.000785799026964
-5.989849910609437
-5.991756175360458
-5.993865787637765
-5.990618451523275
-5.981691303221389
-6.000941440886455
-6.001720530780122
-6.003539714275867
-5.989516501732149
-5.981399824872736
-5.993935512887121
-5.992693767706079
-5.993116015768544
-5.983703415761898
-5.995444133892523
-5.979213836534562
-5.991116933524845
-5.992999993285252
-5.982410368341975
-5.987157990901459
-5.981130611837185
-5.98711179131724
-5.987521715282756
-5.988242881336903
-5.981742171950441
-5.995102518330159
-5.985192315083599
-6.009905885235401
-6.003155644008792
-6.00404864083846
-5.992257416726832
-5.995900665049832
-5.994449828693297
-6.002488064212883
-5.993914276226583
-5.987836892610492
-5.9959052714348
-5.987498576992012
-5.982207387846399
-5.993790756610092
-5.982707067731595
-6.004587514701133
-5.977783264065216
-5.987590125619503
-6.004925381400533
-5.992073571140748
-5.978614111521454
-5.986515745050429
-5.98939735580903
-5.985290445465696
-5.989104488832152
-5.998307516625709
-5.99859882957049
-5.997267009915022
-5.970097836440592
-5.980762797380314
-5.998788178043136
-5.987891554072749
-6.003449966658192
-5.998313468289576
-5.994550098128351
-5.997530461044428
-5.989703010999788
-5.989207020133833
-6.003948537808889
-5.982089690137391
-5.991743864268765
-5.979902536096919
-5.980991889544936
-5.994344821887377
-5.993762734737835
-5.988703675615834
-5.985405798236092
-5.998559066374536
-5.989896920683989
-5.999840175587836
-5.993833764282256
-5.997773188441558
-5.986505434351741
-5.978993595607636
-5.991081825962535
-5.994388645503842
-5.971666963502275
-5.980710210394298
-5.993225667967066
-5.991464491868857
-5.997747901489047
-5.982876019912107
-5.987172522982275
-5.98493688872114
-5.977112073219265
-5.996623923573207
-5.991524216327663
-5.980175828545925
-5.997522101252469
-5.995738566350623
-5.978799046342734
-5.979452292930676
-5.996493958893191
-6.00197012579827
-5.983306416623759
-5.969856719258151
-5.983215689277856
-5.995423475370331
-5.985481377831384
-5.985533592733612
-6.011397822411383
-5.989958043828555
-5.996979593622703
-6.00076579851554
-5.991080143482512
-5.983297574312465
-6.001275915073224
-5.983190647740019
-5.977750326815849
-5.99453914413641
-5.972321479206895
-5.991059927286851
-5.980325993453366
-5.979394361456159
-5.987284730579401
-5.988243896953966
-5.987342494440053
-5.983931362113814
-5.986322851258453
-5.998427267876088
-6.002444820771569
-5.995805334697472
-6.00299693890763
-5.977537960659691
-6.007519364537949
-5.995365228723256
-5.988913379090985
-5.996526316402414
-5.992842191295495
-5.984338460925918
-5.990436568238041
-5.98443301676668
-5.986029280375523
-5.989227918861902
-5.981655093537517
-5.977836860515485
-5.992872143680862
-5.984295738332267
-5.979330619870421
-5.989056488791709
-5.988311261448474
-5.974425207211218
-5.992523239178644
-6.007681937775114
-5.995242792960347
-5.987465232740363
-5.981935780657031
-5.997932018639124
-5.998866801286039
-5.992511779503561
-5.981303796274201
-6.002345904214057
-5.982783193165103
-5.982234634592134
-6.001669928128731
-5.986411579219851
-5.994146600045537
-5.976193665350549
-5.998591320276581
-5.98719759080266
-6.006602996100674
-5.990989306397407
-5.989653326574062
-5.983501941118543
-5.999246560826045
-6.00474501178791
-6.008495585262136
-5.993215819606904
-6.003607347208457
-5.991672556051873
-5.982760017341459
-5.986148918146592
-5.993840115362086
-5.985991221648102
-6.006583711557234
-5.994177241477764
-5.997579133196918
-5.998293266219584
-5.980246330179736
-5.985816412805481
-5.999033207940812
-5.985719769723556
-5.989526421036578
-5.987082230653098
-5.98506166821072
-5.993313003202888
-5.998812592061743
-5.978070796095192
-5.981339603838497
-6.000366312256128
-5.996400111220527
-5.990150095367465
-5.99979242944206
-5.9894215747988
-5.999587290443364
-6.012184642704363
-5.997859840463951
-6.001317671036962
-6.012826743816558
-5.984720324680366
-6.002797980551118
-5.99850136419176
-6.001313004500237
-5.992604246405205
-6.000085806123526
-5.986713216562181
-6.002225996307418
-5.982970270680403
-5.989153993425285
-5.98778926262121
-5.994883069818862
-5.994678498292659
-5.993366780869871
-5.998098485943832
-5.995794713529627
-6.005959694478636
-5.995259564014769
-5.981553170071511
-5.986000769055578
-6.003783332795882
-5.9897724725614
-6.004076610016017
-5.991891144751284
-5.979534553979087
-6.013695283713012
-5.979983206864679
-5.996205176362102
-5.999818704835913
-5.998397628388333
-5.989432923411222
-6.005017606248543
-6.00655501648737
-5.997009483192151
-5.998305904152984
-6.000030631250556
-5.989931692185738
-6.00501405272316
-5.995409829703146
-5.983572126137764
-5.991822625030088
-5.996038316080886
-5.984471086798916
-5.99080842125872
-5.983180313840847
-5.992549865831649
-5.994291632480527
-6.003141309616119
-5.999056540944531
-5.97926833863479
-5.983073303327124
-5.989117175378126
-5.993964833544282
-6.001811841681784
-5.985344644968102
-6.002335480216684
-5.979916576834984
-5.988794690397336
-5.980928140691478
-6.002510759598038
-5.988037324674249
-5.9988337440869
-6.002540906343212
-5.990314467700052
-5.998769474246204
-5.985028200496351
-5.993441340268842
-5.988252747051138
-5.993047383511957
-5.978855266484122
-6.001718981082015
-5.987524149821041
-5.994110456475688
-5.985853361309285
-5.984846142313913
-5.987471612017202
-5.980555964009783
-5.993990737526346
-5.987352827249316
-5.975357096562394
-6.005015241292023
-5.995469532058029
-5.976642310167881
-5.99694190234032
-5.977663238016998
-5.980507421697508
-5.980816575964792
-5.99353659235305
-5.992826489182422
-5.99122416137043
-5.984132549866772
-5.987669941111707
-5.97989490286122
-6.003748770138087
-5.987574972754552
-5.989638390767048
-5.996201029750343
-5.971226871125672
-5.980822062860169
-5.991864131170556
-5.992112319493677
-5.994832158547004
-6.005499693764459
-5.976139896961934
-5.994854460064313
-5.980353822976065
-5.995058300192236
-5.987323529386612
-6.011111546522503
-5.994825141474324
-5.990804663521259
-5.982744066245817
-5.970365152344433
-5.993980781116505
-5.993002536291406
-5.986831727480149
-6.000942031162857
-5.991497491294283
-6.000180171255773
-5.982113977225116
-5.999878462036496
-5.993690848439456
-5.984557704929363
-6.005815858115191
-5.988811120393663
-5.984140675712053
-5.98096193961756
-5.990031518278099
-5.988334797224647
-5.994332003109065
-5.97985962342616
-5.987053183074125
-5.992542984764829
-5.988799636405027
-5.992394383474725
-5.980229669172964
-6.013221811228384
-5.965755651014538
-6.001987568583769
-5.994154722850358
-5.998055540449963
-5.997479011206711
-5.978265541542783
-5.9834557335517
-5.984835265994771
-5.9803727427361
-5.98862419822994
-5.974846560111981
-5.98943642364248
-5.995305985542144
-5.994410620809656
-5.976798744433223
-5.99172055195476
-6.003825543188403
-5.997040976969726
-5.994636153692332
-5.995326763264511
-5.992693518889282
-5.98056404616699
-5.998584096027761
-5.996756550177152
-6.001491882374713
-5.984427512917243
-5.983477011593682
-5.998814813687901
-5.981729262507884
-5.99479733723446
-5.994802510360788
-6.000294553926758
-5.998418525084647
-5.99966128819718
-5.976701272847039
-5.994477723525648
-5.996930837200998
-5.994678931645347
-5.989500243383167
-5.997455441179515
-5.994460379497315
-5.996054117119598
-5.987892331808547
-5.999296452809388
-5.988924105025911
-5.996822107997668
-5.996981354013969
-5.983957898478432
-5.991867086665098
-5.992857622328661
-5.995623927690119
-5.982499706953369
-6.004888147015731
-5.992611163186233
-5.9959584364808
-5.998054113280999
-5.993319597263444
-5.982180078468295
-5.997916996502183
-5.984969452826614
-5.984169652202334
-5.996031491330256
-5.983425759617254
-5.987610262912857
-5.992869494936257
-5.9905385098658
-5.989631994216959
-6.001700995704303
-5.999766866020229
-5.99066126239855
-5.98525956035791
-6.006331065844795
-5.994920896866855
-6.008169751908298
-5.998336816229617
-5.98206666366388
-5.994810900392938
-5.977387004444573
-6.0097567274901
-6.000815222632592
-5.994195610803636
-5.994327030205048
-5.98099056589025
-5.988336722966
-5.985640621958078
-6.004052894144493
-6.000027786093777
-5.997893528980767
-5.987354253196717
-5.968267654320046
-5.984744508499396
-6.001292126009814
-5.998673563537952
-5.993540302591796
-5.995003888636228
-5.993399631762632
-5.996475829164557
-5.999381206847886
-5.99309433914197
-6.00231755372936
-5.975873131825527
-5.985110969542246
-5.985387105114888
-5.984988231769472
-5.987217234129309
-5.998711769814598
-6.00625596702985
-5.978240845734245
-5.993533234522103
-5.992664931522968
-5.998620277463917
-5.996757540480813
-5.985510409795672
-5.983043423191305
-6.00896699174892
-6.001330182599418
-5.986195410090438
-5.988019831738116
-6.000186081454875
-5.981956485020317
-5.989704161780452
-5.988618367387876
-5.99561092704659
-5.993623233024733
-5.998791470850891
-5.986356835132564
-5.999609225974353
-5.989880511233632
-5.98544082690992
-6.005959924916936
-6.004097595181618
-5.987204168196824
-6.001716146619742
-5.987849378901204
-5.990331460984539
-5.985978098421939
-5.997333414544133
-5.979200986697796
-6.003947009781081
-5.991331764575316
-5.996263337658372
-5.99508620776153
-6.005759583081033
-5.988829979049186
-5.978283803380983
-5.98971855838071
-5.985749335838511
-5.995249741852888
-5.985463922862583
-5.994081616232663
-5.989693899287647
-6.000192664155604
-5.986665556296547
-5.994820122874621
-5.984845323800331
-5.991695883849097
-5.996998566256671
-5.999924096798565
-5.993794517343871
-5.992169027845852
-6.001917015512729
-6.004170520829482
-6.003517355604027
-5.986371413144719
-5.996608113556492
-5.984928533896158
-5.980576568989191
-5.99315163718635
-5.999770329251893
-5.986874599388958
-5.979518388256309
-5.999833940121216
-5.995806547138879
-5.992453012028717
-5.974997041871376
-5.98801967923564
-6.002604948290406
-5.989678745690689
-5.998316809409375
-5.99508351153031
-5.998621886696058
-5.999218609533666
-5.975571209460725
-5.999450305015583
-5.977078959600027
-6.007368583453041
-5.988315840801986
-5.990256315270614
-5.985633845827912
-5.972654677049332
-5.991206992018545
-5.977838768752828
-5.973539716551448
-6.013355793689376
-5.998427638828868
-5.970498768480945
-6.012055086358916
-5.990708853498699
-5.999090096870217
-5.993580418750702
-5.99144466291106
-5.993386964527108
-5.981617672160438
-5.994095169631819
-5.980279474619909
-5.984509465040698
-5.985256695512087
-5.986321238477709
-5.995500078498532
-5.994397915896429
-5.997467306694224
-5.983586832568175
-5.982434401898209
-5.987679465850627
-5.990141319002861
-6.011774248031205
-6.006304505235751
-5.972100472440042
-5.985452890268972
-5.989911014792282
-5.987964575198123
-6.003216003798349
-5.991020700211538
-5.992800364797285
-5.984952877144352
-5.967962358085201
-5.975728316900333
-5.996548660221912
-6.001584362452019
-6.000800932166918
-5.989026182707065
-5.991866199642415
-5.989507090337445
-5.987917717543167
-6.004032547943241
-5.994730392256569
-5.998339299368251
-5.975668820050289
-5.982807404556824
-5.987348664471791
-5.990312011575828
-5.994280851914144
-5.990039390443783
-5.986325211413463
-5.99734755529623
-5.992869399820435
-6.003227315477648
-6.004262142149157
-5.978359628851917
-6.005191351661268
-5.992932082585
-5.990412667254125
-5.98749762857773
-5.986835704639658
-5.988243881291996
-5.98245184932773
-5.98670880303946
-5.999731416030196
-5.991951747312466
-5.99360604610344
-6.003917858749273
-5.989607540294751
-5.997665609408016
-5.985390632781276
-5.998618358078216
-5.992989880449676
-5.991438904272157
-6.003924665892431
-5.988142621663778
-6.011437035951637
-5.981561782849862
-5.991468111125149
-5.981493739972498
-5.989266549592784
-5.998514154319055
-5.979914974497365
-5.990522101323942
-5.999072694546746
-5.994355100420068
-5.969338065869595
-5.997934054262758
-5.996346961547379
-6.019449818670036
-5.998629096383953
-5.982672963694151
-5.974712387531401
-5.991228107112025
-5.983871835813312
-5.991770462764906
-5.998996430772152
-5.998026619693786
-5.982653111009629
-5.993506857864265
-5.979081011322434
-5.991916530698838
-5.993451021893619
-5.983723706581642
-5.995100439713523
-6.015968404138439
-5.98184838832972
-6.003125676362598
-5.985570271035051
-5.986910859815183
-5.99924083133328
-5.981848347886625
-5.985902897596569
-5.970822265097603
-5.992220465200088
-5.993896885553133
-5.978162655878537
-5.973802195499543
-6.000972182717447
-5.981309069652512
-5.987873359130756
-5.995516920076218
-5.988560396318652
-5.985074544058571
-5.998095184738212
-6.007401176368447
-6.002529355828381
-5.996413285900434
-5.988505816266494
-6.001704049169943
-5.987233800644854
-5.997919249567458
-5.991681391753955
-6.009068261567885
-5.984380913804866
-6.008351817633895
-5.990803138862902
-5.990360772537925
-5.99675267575253
-5.988121293927255
-5.997906314084998
-5.972340191108469
-6.001176395883023
-5.993263864791817
-6.007345886940534
-5.978118976578474
-6.004782199811063
-5.989307862100618
-6.003001578621203
-5.991402926698017
-5.989825412662211
-5.996283951557712
-5.993679439343015
-5.972979684612699
-5.977128062020491
-5.993016583693455
-6.010160229162221
-5.982905239795315
-5.980683806488018
-5.990515077391466
-5.988147031925628
-5.995313791607305
-6.004672276869177
-5.982900167927428
-5.993454006163254
-5.982809163020347
-5.991005170935094
-5.986257540112218
-5.980318456672001
-5.987457992226717
-5.997127938367501
-5.977897013944439
-5.979091481122061
-5.986321956851966
-5.998123359277044
-6.013845932345995
-6.004050018302377
-5.98377379802993
-6.004270307177794
-5.969500760003742
-5.999223999279919
-6.002654673790397
-5.991195596702326
-5.99647476559796
-5.985293852692702
-5.980518021435847
-5.982570960681196
-5.996294988043159
-5.980445930013893
-5.998756128922246
-5.982302334692831
-5.998792191811638
-5.995375980721715
-6.003899642246481
-5.986209307867456
-5.993883474807114
-5.988853166915422
-5.972626775097773
-5.990149946796197
-5.992140242840114
-5.992391514896863
-5.979667591617589
-5.985636855163561
-5.999349594431768
-6.009687791154157
-5.998977615942062
-5.997523799013801
-5.991765737631289
-5.989025893996643
-5.997540778158326
-5.988479917498538
-5.980384207666503
-5.99434445807281
-5.980727639947783
-5.992215501816119
-6.007176913698407
-5.990449403209812
-5.980402417818776
-5.984011781785338
-5.979953182261147
-5.999444028886685
-5.985174799549079
-5.988415376740022
-5.990947450720616
-5.975573127825823
-5.978685669922764
-6.000351556336273
-5.983747543342484
-5.996291180536648
-5.982411886962038
-5.983749313728516
-5.996427012186668
-5.973702350824873
-5.978704701471093
-5.978210292918911
-5.998970241563938
-6.024237753917757
-5.982755176418578
-5.992321805705824
-5.981158447289608
-5.982022045573404
-5.991717841014591
-5.995193228830675
-5.998123709399083
-6.00789190840567
-5.969942564746566
-5.993273125805525
-5.979314672659751
-5.996853948747372
-5.995691636890895
-5.992414474379336
-5.999428645316242
-5.994327808424272
-5.992148049793119
-5.985376560208663
-5.984286239412627
-5.976687815351294
-6.003179709662946
-5.978946868562943
-5.98462080806627
-5.973536585660957
-5.998392969528859
-5.988812637040327
-5.984687004657731
-5.98889995193559
-5.995084759810313
-5.991880314816435
-6.004197003905205
-5.977726890130614
-6.001189495476707
-5.986290387114505
-5.970415825605488
-6.001327175908134
-6.002192558292124
-5.981589806493476
-5.979300348834307
-5.991317247889909
-5.993565716451545
-5.992671241704023
-5.980487113997008
-6.005679021410984
-5.989102362993774
-6.01963210583871
-5.998297648082335
-5.989113494286138
-5.994913062916108
-5.992838263914795
-6.00344020327417
-5.986295810650773
-5.990409222458707
-5.994511655603167
-5.985100579178253
-6.003638755498284
-6.001350545519871
-5.997290180900847
-5.992110877142398
-6.002539169156561
-5.984431685546697
-5.993640191421969
-5.991376979464717
-5.992099643803788
-5.998489092036496
-5.990829379039581
-5.995570857779718
-5.988501960506953
-5.983467931101412
-6.001289148789115
-5.993887811786655
-5.994222702085657
-5.981240970587827
-6.002809582532672
-6.004244476732111
-5.989765546673854
-5.984217191101338
-5.991617391360044
-5.99156643766862
-5.998278581561602
-5.992298474022181
-5.989298962035797
-5.980650074035986
-5.999148264063053
-5.995940943152455
-5.978400596360619
-5.997902664423916
-5.998405882427667
-5.97848327483154
-5.989670781286073
-5.998485067387236
-5.981239591332828
-5.994493047088788
-5.982467839675808
-6.00177255108613
-5.988738327294273
-5.980613879623821
-5.9769980734638
-5.990493223371987
-5.976865014724022
-6.003013477059788
-5.988831314761344
-5.997096788982291
-5.983277338621422
-5.974577833511274
-5.968370011962488
-5.975321730066772
-6.001296871878245
-5.98172661464658
-5.985761268530998
-5.987200969492931
-5.980669847258175
-5.990582795570248
-5.980601951020329
-5.976019905614306
-5.990230472592003
-5.974976401279458
-5.979183247515695
-5.994060461377041
-5.991612942533711
-6.002030652581473
-5.976111043234156
-5.986807306691972
-5.99170805974038
-5.994306055421717
-6.000056248542961
-5.980787831543116
-5.999336551889606
-5.994599889335213
-5.987771625275693
-6.018954703216456
-5.98479190336689
-5.999145213804767
-5.994302309369765
-5.999662322514027
-5.991354278400628
-5.988974148490544
-5.991959964660173
-5.984953698957066
-5.986858816206448
-5.987794952852282
-5.993248703667517
-6.005858735804051
-5.98259213754582
-6.004846863307656
-5.998629998230797
-5.990877276096833
-5.984023738437665
-6.012723783327149
-6.000147808408401
-5.991032158280929
-5.997915055381606
-5.989174085817604
-5.993518718102891
-6.000348478435719
-5.98066873958393
-5.994195272018082
-5.99104250708937
-5.9861118342991
-5.993278440582921
-5.990174600202599
-5.984148196952451
-5.987636190936269
-5.999628366598568
-5.999926909925838
-5.988423452421184
-6.008663929546998
-5.979809062006271
-5.997228440083967
-5.996405417378387
-5.991749808214888
-5.988810992024732
-6.003855250680186
-5.999733897993805
-5.99160469998211
-5.996909871488897
-5.99000061430814
-5.978848099016647
-6.009501756908532
-5.998097374237768
-5.997722093884114
-5.990071348784504
-5.997249948114827
-5.995223983324171
-5.998641693327833
-5.99935644339329
-5.98442977170355
-5.992148083168538
-5.992666627894816
-5.984783339157455
-5.993138296084453
-5.992954783956967
-5.990703518667341
-5.997658616766358
-5.992161388798386
-5.9963867995391
-5.997129997243053
-5.996842251795566
-6.006038507921184
-6.001566430410815
-6.001650826549822
-5.985548356262811
-5.992404045113686
-5.997182623288626
-5.987988051794296
-5.999347065564176
-6.005062664051638
-5.982134421577845
-6.000564279084313
-5.989466112939079
-5.986396717405011
-6.001123300462663
-6.000520861131612
-5.990609259973075
-5.993598417318346
-5.996753667370951
-5.992825331787668
-5.989011062098185
-5.998570534838806
-6.006788367994435
-5.986732578867898
-5.977676931119503
-6.00067080789058
-5.986265631862748
-5.990001882973917
-5.997565253599352
-5.998826147080349
-5.995929678769802
-5.999583994175694
-5.981183038945853
-5.984709144265778
-5.998900672056286
-5.988475667863052
-5.983273285643092
-5.996215320111885
-5.995038652962613
-5.98821723668821
-5.987998116847325
-5.976406204709931
-5.984037371639991
-6.004468078078678
-5.992848716448015
-5.986166862707868
-5.999032328682577
-5.999910386196462
-5.985705914340562
-5.983080244491669
-5.973067642082115
-5.996978949584749
-6.009363123487033
-6.005170468071995
-5.989287704873024
-5.980030739937163
-5.995294673711727
-5.996929917353556
-6.008465341715644
-5.986843037598282
-5.994797699332724
-6.000157856632646
-5.994824266397023
-5.990299578900455
-5.999870575551749
-6.011014867483111
-5.999489963574282
-6.001352494260352
-5.990738673720888
-5.998921909925728
-5.990483416194368
-5.989029334208296
-5.978044638814428
-5.98470453703739
-6.000409090252959
-6.006671254400268
-5.993938907838148
-5.984790097668663
-5.983421924146523
-5.991174434955672
-5.999041168603276
-5.987818785262437
-5.992215732217966
-5.982775550896027
-6.000451465242183
-6.01181157180138
-5.993676042312267
-6.008357676967051
-5.993390521302402
-5.978007697900793
-5.987641439526966
-5.989464721341862
-5.979221514020471
-5.986118000671198
-6.004545435864143
-5.993264851475242
-5.997025767582303
-5.987336775069824
-5.992406855748255
-5.997790843434987
-5.988927353422732
-5.996726071162811
-6.009096563790115
-5.987298876417687
-6.006045277604132
-5.99569725264493
-5.983926316024458
-5.97566563796671
-5.98877453007553
-5.996488307993483
-5.997075674341617
-6.00838591258332
-5.992369813817274
-5.990984406607824
-5.988684432013253
-5.980752778583494
-6.004250397648078
-5.990286991505196
-5.990816773601905
-5.984250000810511
-5.994528163922976
-5.991939916018199
-5.997111493846849
-5.987061935464527
-5.991834336573021
-5.985183283186062
-5.994595016045817
-5.993051707484883
-5.991816905783442
-5.994893450933628
-5.984967690109221
-5.986825195990462
-6.002306729610125
-5.993201756237255
-5.981594389097543
-5.983170004952151
-5.997541259770948
-5.988693621302928
-5.996231599367701
-5.987027607912056
-5.993555681407585
-5.986092282780065
-5.988225430844952
-6.000735157096198
-5.994098844532851
-6.001433931358241
-5.998097215251966
-5.990499611813606
-5.994255389130732
-5.984778948646937
-5.982013740845185
-5.982168835256379
-5.995669529625365
-5.978545291489204
-5.994043309091952
-6.002133218506136
-5.977088731004105
-5.986243163529271
-5.977675722738107
-5.999106639923327
-5.983485571028891
-6.002083971274018
-6.00390242811543
-6.006414736349639
-5.990560158570653
-5.999044416888542
-5.989522169757016
-5.986508656131702
-5.998804705972467
-5.985763482827143
-5.991534004881268
-5.981771537460315
-5.988034737890012
-5.991298226319184
-5.989416497819068
-5.9887147655061
-5.99392556794135
-6.008833606283805
-5.982995880415994
-5.998572222348744
-5.96979362165658
-5.979672889373359
-5.990842337522706
-5.993855152007539
-6.010413512014696
-5.990310912899595
-5.989145837251563
-5.99867154313521
-5.996432606509265
-5.989897149098701
-5.994645443097538
-5.974849813201075
-6.009372087148752
-5.979731277274561
-5.986493492844909
-6.005632029894954
-5.989225763609265
-6.000618329224719
-5.998057065980242
-6.017171946984369
-5.985954878490029
-5.999800472750692
-5.997143309074811
-5.985940247468505
-6.00788700672789
-5.99344230791251
-5.997262333422917
-5.990396814837531
-5.988473456734823
-5.997911691687174
-6.000343015767714
-6.004860241978038
-5.984196023683338
-5.996778430244397
-5.987774679319504
-5.98623110542665
-5.994722167541336
-6.000580232376317
-5.990996398109872
-5.982983208352736
-5.993829191044403
-5.989945813589577
-5.987382595401379
-5.997027960855212
-5.988456649573735
-5.992156327785507
-5.986223647218195
-5.999720137913016
-5.989045232624254
-5.997334895457103
-6.00506199843855
-5.976503434096049
-5.995572213497963
-5.984735255221443
-5.989870252099873
-6.002612412016211
-5.981579628725415
-5.99561301961548
-5.995494632295134
-5.983504069267997
-5.994658959946653
-5.999992762085567
-5.985499898041734
-5.997617941400841
-5.990723829840976
-6.009421749227339
-5.992858750789725
-5.986576225195038
-5.984386042070986
-5.99205347497228
-5.988629966880128
-5.994219246412147
-5.983319238929122
-6.002139381330185
-5.985965533359916
-5.967927123672106
-5.992368944583882
-5.99092596053725
-5.97192133536613
-5.986068421747665
-5.988721846531014
-5.988174814143027
-5.989428454372976
-5.995513543905855
-6.003015066835469
-5.975233707813095
-5.982763839606717
-5.997573598660775
-6.000484285584095
-5.987972772427757
-5.989758944462279
-5.988541468928828
-5.98373107160033
-5.984716491030933
-5.983163445314081
-5.997246443126063
-6.005035470237096
-6.003532010340383
-5.972987078733727
-5.980940942110658
-5.989700274208379
-5.986925752734901
-5.995029277044018
-5.986433528105882
-5.982300596498659
-6.005791711417636
-6.001104935193736
-5.994060500953125
-5.989279132768925
-5.994250447504687
-5.987171346636078
-5.991101658153742
-5.996097111987569
-5.986990299667267
-5.987207187983061
-5.977963079200299
-6.002610099385018
-5.996623933090663
-5.979756149160585
-5.9855133283038
-5.976748081536288
-5.986148657950835
-6.001013957839225
-5.989693753997266
-5.988283751314116
-6.00799918073145
-5.993918807461118
-5.996113379276179
-6.000143718553219
-5.983891330317228
-5.991022468178442
-6.007904022302214
-6.003729550514288
-6.004386028545654
-5.996269739310679
-5.972010746073661
-5.993936098869164
-5.988092032497234
-5.995290825809378
-5.986593083002165
-5.985221421463557
-5.986973730400231
-5.991921492372571
-5.992337551498904
-5.993701831469437
-5.999462849651455
-5.990310207592581
-5.991793349286925
-5.978116876420827
-5.991866195582125
-5.988109254231994
-5.997614707611169
-5.987686616860388
-5.98945449801113
-5.992219346724863
-5.989456527189179
-6.000376848000037
-5.99136347138678
-5.990253305031416
-5.979725838501506
-5.987049826323609
-5.991441060744679
-6.000776040357824
-5.985654156798728
-5.994575253092231
-6.000018828552309
-5.992215170807166
-5.994878633815349
-5.990887131745181
-5.985614748756581
-5.982597245146157
-5.994667225550119
-5.987064146556006
-5.984315253537432
-5.971581173344255
-5.999388543978663
-5.993165536303356
-5.977755584494782
-5.993548247886212
-5.99096052689636
-5.970437187265846
-5.986882848606307
-5.994199173391102
-5.991492193282182
-5.996910777269636
-5.992603220766517
-5.99206471527445
-5.994612802586817
-5.996991929907324
-5.986662324343817
-5.996465549254651
-5.98505790308922
-5.986254506346227
-5.998461845541439
-5.991702560001355
-5.994893675625553
-5.985634326764544
-5.986083661700122
-5.998626090413357
-5.988126984176159
-6.002298614203684
-5.976991498399881
-5.986429422732165
-5.990821100938676
-6.011838438324203
-5.98979306919254
-5.996852696721365
-6.004111567327652
-5.986049970750221
-5.982372298975761
-5.982269668097393
-5.986584766563136
-5.993116240067077
-5.980715664694941
-5.980071191046482
-5.991488377341128
-5.987004119767501
-5.987672943990078
-5.986649324000098
-5.997842006952198
-5.999542659871833
-5.988331471801851
-5.994903699670254
-5.983826751292248
-5.997966592099496
-5.999234278348805
-5.992703352691951
-5.986145681952908
-5.999636016820435
-5.979674068823844
-6.003627696720892
-5.988464657037913
-5.988841929904938
-5.986505524095222
-6.002833049458418
-6.000338279657969
-5.9916404190043
-5.988513751969388
-5.974898076386511
-5.994090658526496
-5.988200724529765
-5.995722076404924
-5.981835315940519
-5.991639689478624
-5.997283580405358
-5.978401517298749
-5.990024366337345
-6.004228533585883
-5.983998538851445
-5.992918225015957
-6.001095049755783
-5.979781000352791
-6.005203113928509
-6.002238341281933
-5.994447517280289
-5.99584225225299
-5.993822851713166
-5.991627558610385
-5.984374241129013
-5.991592869021467
-5.983771274180255
-5.983467405189002
-5.983814457587684
-5.994919371534994
-5.995762100255676
-5.99167326848647
-5.994889584204229
-5.988679757777509
-5.996372673336013
-5.995544623591037
-5.978899416086297
-5.997985821038423
-5.993910481678857
-6.002819814818899
-5.994524153689863
-5.983330173012235
-5.976500662092565
-5.983919479199588
-5.988069737116603
-5.999976206974004
-5.97480471592275
-5.998344501677178
-5.992523289419345
-5.987714723387489
-5.988339563184068
-6.003226693409793
-5.99211644507115
-5.983327779856179
-5.99151803182827
-5.996637950174814
-6.001883858914629
-5.981660760493194
-5.99916406050659
-5.992358126149391
-5.99309871527771
-6.004515361919373
-5.984931986468702
-5.978047625520174
-6.00114538765617
-6.00988125675715
-5.997228087859534
-5.986915690443709
-5.997007549040624
-5.990271873128576
-5.985530478874708
-5.982538217544653
-6.00561820648107
-5.984298974911351
-5.993976517795685
-5.996565283837617
-5.987165690258461
-5.981226512701781
-5.998669797795769
-5.988117217891299
-5.991238107521527
-6.000402683635882
-6.00397029478162
-6.002459628671905
-5.993282532482247
-5.998000048691848
-5.983323884630031
-5.993652469449526
-5.977217559052007
-5.990969768701195
-5.99333582822372
-5.991208484494765
-5.9779624434416
-5.983713577502915
-6.001921733957194
-5.994537983129909
-5.988084026442428
-5.996423632877486
-6.01037602341041
-5.993243255338784
-6.007301264276546
-5.982402171390566
-6.006574823545819
-6.008624196055532
-5.999058424472188
-5.984396935522631
-5.986530600484874
-5.994412858252428
-5.988412335236449
-5.992728166667376
-6.006659017784741
-5.977482315582824
-6.003708105068458
-5.997170163313048
-5.987008328370561
-6.008787940887831
-5.994297425700838
-5.974981794791119
-6.004686176750298
-5.988399959591185
-6.005740259737561
-5.998901592633467
-5.993925667012466
-6.0073779206543
-5.976046043620895
-5.98966064362094
-5.985816526284739
-5.983869749466907
-5.982349969449167
-5.989131606056979
-5.991551025104911
-5.994473011095266
-5.996781047479457
-5.997833199005902
-5.988025347499397
-5.996695621234282
-6.000169786896152
-5.997699478405089
-5.995010343184614
-6.011405544144199
-6.007996808908601
-5.9868771889423
-6.00298940646747
-5.990527775807821
-5.998260713689858
-5.999956945616598
-5.98954829016609
-5.980072958587149
-5.990560528147228
-5.997421280796609
-5.981635061238681
-6.010564537311987
-5.993704121315925
-5.995643800699252
-5.981794411019953
-5.983385924023211
-6.000131091659526
-5.995195816453846
-5.98944420932454
-5.999070864923165
-5.989497796072569
-6.003479365103877
-5.984704855341899
-5.992519594545294
-5.997870351172165
-5.984674190978836
-6.001076669657197
-6.012090968617659
-5.990757938391302
-5.990328539752753
-6.000461401449839
-5.982732481984837
-5.999258292476308
-5.989850686469596
-6.000204519754981
-5.987624387127784
-5.98947095739875
-5.980379710761325
-6.01160614370056
-5.996036594241461
-5.980653856095256
-5.994801762138917
-5.997520199433691
-5.978453153168663
-5.995794816393057
-5.999123185022015
-6.002281959069983
-5.976860875270674
-5.981566124922142
-5.982025134960202
-5.980140478649653
-5.985275939773143
-5.995247009763502
-6.00454483104115
-5.999280306795517
-6.000243530944607
-5.993311147709666
-5.990684932034831
-5.983269241037803
-5.98684544675366
-5.986219602788223
-6.00302303057042
-5.987421507003112
-5.996571182617781
-5.99770944181899
-5.993267520437511
-5.98592194974823
-6.000117881830726
-5.984744784118492
-5.988930631436494
-5.990155469345978
-5.999866973864004
-6.000142670314227
-5.997039608846173
-5.992223206302619
-5.990048552455757
-5.982904061267824
-5.987475442700005
-5.990712734861409
-5.992389611926668
-5.982402908685181
-5.97942043773983
-6.006409490620651
-5.998146942293916
-5.976947296111884
-5.976368523235
-5.994485245567688
-5.987291331415417
-5.974821792533318
-5.99220999918936
-5.993318323981407
-5.99388105047379
-5.974649299055759
-6.000876695950526
-5.981361324188401
-5.998364613533743
-5.978873939627522
-6.005978726718371
-5.984477507072597
-5.992758258826278
-5.981052755217552
-5.980213249361987
-5.979805050254222
-5.985966905917371
-6.00106284282081
-6.000583906183616
-5.991392805861842
-6.000962823600979
-5.98812863136069
-6.002554331412602
-5.991911002755688
-5.984871127934316
-5.989918464384104
-5.982207148572768
-5.983462451110676
-5.997601606728058
-5.997339364307834
-5.990544638264281
-5.980419058412246
-5.996881421683163
-5.995926692363803
-5.986332544747453
-5.990204452025575
-5.976315429328384
-5.989798670451353
-5.980903870917807
-5.982854405953278
-5.994772189141232
-5.98912423142631
-5.99018311553382
-5.997852510289799
-5.999524162726615
-5.983969664064558
-5.982617598622502
-5.997117480998448
-5.979564848026384
-5.997051022750549
-5.978484116854434
-5.992754306461814
-5.988332115652863
-5.989373372497123
-5.994358298288644
-5.989726251087105
-5.981267071271636
-5.993211386346092
-5.977112173392849
-5.986319670944511
-5.994927622590263
-5.999481335928466
-5.986552085602609
-5.993088204148201
-5.993584287317145
-6.001454371075371
-5.998506953557616
-5.9862563758423
-5.998127748762682
-5.985775725301356
-5.983825921097689
-5.994911315438008
-5.983899901964949
-5.989321700078665
-5.994346715610352
-6.000179525058125
-5.99578850582222
-5.999031251174799
-5.981931748720259
-5.998054478908004
-5.991318619519437
-5.979212636429323
-5.978441600447393
-6.009287860483678
-5.998191066095968
-5.997732894582386
-5.984367047839084
-5.999439544182876
-5.981579791215882
-5.994252384036243
-5.988490643990232
-5.977953774455925
-5.978286875218846
-6.002992450124896
-5.991317230593999
-5.997020146890018
-5.99540325189148
-5.994554556389216
-5.985527736359934
-5.995747583600266
-5.98237517241159
-5.990527586339605
-5.978282991065162
-5.995902550224048
-5.994489953430175
-6.000227429617871
-5.989723356133101
-5.997099482605631
-5.987723357434935
-5.977904398134869
-6.003498327569353
-5.98299866811198
-5.986526284258087
-5.998460293944977
-5.990351644259046
-6.000758007733548
-6.008706991294068
-5.990404561339181
-5.997317956576778
-5.989222617686772
-5.982376147436294
-5.978820844673595
-5.986624742879782
-5.999299670294617
-5.98304883784842
-5.981225491269916
-5.996560494837054
-5.990568096040009
-5.993285643847655
-5.981704396036602
-5.987045779067503
-6.005320528082498
-5.994447622175127
-5.985161170206849
-5.987951067717177
-5.99730558176042
-5.999211647769451
-5.995249947691227
-5.987754286597171
-5.984796323558548
-5.991967419062033
-5.98761063815297
-5.980390133554778
-5.985305020115649
-5.994977013177359
-5.996384230945129
-5.998440579251469
-6.003998343491523
-5.980215069642197
-5.98113129453698
-6.001408513857383
-5.994441917839144
-5.992276193036403
-5.995229945844322
-5.996593584663541
-5.990599761009543
-5.975123177961975
-5.985887911181796
-5.990209260222362
-5.987584197347903
-5.981893767187374
-5.995353471199083
-5.997842395819338
-6.003870463906438
-5.999948578695266
-5.979730724573753
-5.987767190101995
-5.994650694093875
-5.988048246971712
-5.987536396756829
-6.001364432875913
-6.000509114417794
-5.991099366281816
-5.992544562915424
-5.97793396966557
-5.982239534566209
-5.982783112037128
-6.00013627057008
-5.995060212335564
-5.988271745595735
-5.996118492942658
-5.969077971617656
-5.996885413177913
-5.976793822656498
-5.989346300040412
-5.990854407244813
-5.993935816996414
-5.983363816034949
-5.998737015897565
-5.988209213755683
-5.983421040544252
-6.015430860418824
-5.982280677518373
-6.010284001149035
-6.004866279919005
-5.984509466331858
-5.979761488490221
-6.000782815554687
-5.998174404358361
-5.992994237417904
-6.007448361351375
-5.991214234071132
-5.994308753093495
-5.9955664045811
-5.974816539281965
-5.987631329135557
-5.994109079175635
-5.994394588887432
-5.997007423831887
-5.985803017719448
-5.9840686757771
-5.98730866852526
-5.985065463817984
-5.989210180948231
-6.005788746204757
-5.994047515895578
-5.990816502807
-6.003104964395207
-6.002075552283614
-5.99306394558658
-5.973470883432091
-6.006310140016197
-5.998408177270528
-5.994644302280274
-5.987169167945031
-5.999712860047181
-5.967841203821788
-5.981013564624692
-6.001329485184168
-5.985376677037842
-5.989844204721444
-5.98900505331352
-5.988394735875589
-5.978509875005824
-6.003529410925598
-5.99336705238232
-6.003533530324082
-5.988013054484022
-5.998409509550633
-5.977311036260267
-5.991684832128217
-5.980086671169613
-5.979683805650098
-6.000597883231472
-6.000111441021323
-6.002300112579934
-5.986196161488704
-6.001823411868887
-5.982681778695602
-5.987380546976008
-5.977886610645339
-5.995017317892589
-5.990898458890564
-5.975096048414096
-5.989016004278149
-5.991023463836082
-5.9702458784521
-5.995843388721673
-5.989804390470171
-5.982433237590644
-6.000837407671024
-6.006395504136862
-5.989870955621762
-5.993921360975187
-5.99518296214985
-5.992314702229194
-6.011821326208707
-5.999552701489907
-5.999700274496016
-5.982227808428197
-5.984234747389906
-5.989133356141384
-5.985494659527955
-6.006031648130866
-5.988548682670436
-5.99557430571028
-5.996106942158454
-5.985722283204835
-5.992134234410098
-5.985364629686205
-5.994281454104134
-5.973725365340603
-6.0110449814323
-5.979154590575527
-5.983893044836533
-5.991751988115179
-5.988340927627371
-5.986556904474266
-5.969366609345063
-6.013390068130088
-6.000914355558621
-5.992086340192112
-5.982997306516594
-5.993166047262195
-5.980034502954804
-5.993698903372699
-5.988740027001227
-5.993686500650516
-5.977217582922505
-5.982594845733876
-5.993449030818101
-5.993161670901184
-5.985752639370213
-6.00456114615285
-5.989001146603434
-5.988212552146206
-5.99226178570402
-5.984239552290734
-6.002469545227147
-5.990301646145536
-5.994736935952764
-5.99743761706458
-5.993829842088025
-5.989719070608118
-5.987367037206686
-5.987946290933587
-5.980222116653927
-5.998442261390727
-5.999794198898066
-5.995914255163564
-5.98783069935214
-6.002201413510354
-5.994675111561726
-5.985801832666945
-5.993709674206841
-5.988912956499261
-5.995101887175593
-5.993500523892262
-5.997263913303483
-5.982539745408955
-5.998065160402755
-5.995100503071524
-5.989904007927985
-5.992354188817785
-6.015542379327646
-5.986055875406087
-5.974626768837881
-5.991110276352815
-5.993949289811621
-5.987387987693583
-5.983649219879987
-5.999007558641479
-6.000431927787324
-6.000391839851278
-5.988451435167307
-5.999247527288145
-5.986919481281824
-5.984433137520306
-6.006055304170149
-5.979554997096246
-5.986906154622704
-5.988917827966273
-5.972399376223196
-5.995605200999764
-5.997488297497791
-6.004550265145287
-5.982128564839416
-5.985484960938335
-6.000048626906615
-5.987945996424006
-5.992756919270461
-6.011166926017663
-5.988010958444208
-5.998361194600331
-5.997106284078221
-5.984956061469109
-5.983005966280285
-5.982698136799035
-5.98693261959292
-5.995110194604409
-6.005700025898734
-5.997517768885767
-5.992605904725034
-5.993488713207055
-5.983999848635573
-5.979668813808098
-6.008336179128547
-6.003674896457001
-5.985669434748906
-5.994960374580736
-5.999445535550596
-5.991809525886205
-5.971795033456115
-5.973607414266111
-5.997787260327295
-5.993624762601351
-5.991679898983103
-5.988079365775296
-5.98708149886351
-5.990204073298738
-5.993381238662902
-5.973661146303463
-5.996692914435817
-5.986918495544974
-5.977780180983633
-5.984555153795998
-5.99332095568322
-5.998212815448501
-6.000389665733382
-5.980353182383303
-5.989270027317431
-5.998437661490925
-5.988327346985215
-5.997696993901494
-5.99495829609432
-5.998804348770485
-5.988877949491729
-5.995847769974871
-5.993399790545167
-5.982628367113186
-6.003713349852341
-5.993256871164738
-5.989346723968286
-5.983085934929572
-5.980678422175825
-5.989811344972243
-6.003684685871802
-5.993498578972229
-5.996394230082058
-5.989114398612513
-5.995888578671708
-6.000009814720885
-5.989121496652696
-5.98850237839329
-5.978546987790766
-6.00071085442395
-5.980255290300274
-5.99681924793176
-6.00507516149932
-5.990915869293709
-5.981894803384146
-5.981759323894112
-5.992114655383008
-5.997333453834489
-5.984398837591099
-5.982319541164445
-6.001969876769499
-5.986588092719744
-5.98797219367191
-5.986735530147377
-5.981915967476552
-5.983507163450656
-5.979013586658716
-5.98887102322071
-5.995787192577683
-5.987624792086341
-5.98814122081855
-5.989346512225046
-5.990021115271452
-5.979274710672923
-5.98885519464096
-5.996909884081343
-5.990159258013253
-5.993566764343308
-6.001578314374377
-5.98395000224758
-6.009709873424931
-5.9850694369651
-5.997146522967591
-5.996515336762517
-5.99029890618685
-5.993651480614125
-5.989270087706752
-5.992488902982745
-5.995097992892381
-5.98717121810915
-5.992212305070673
-5.98385269908497
-5.989693995581865
-5.976907488123702
-5.989874749117415
-5.995027424944226
-5.99035680789186
-5.988257788080086
-5.988435472546447
-5.986680652145775
-5.995349815891768
-5.989012219503453
-5.984509434354196
-6.00167709756981
-5.983903618267545
-5.989783558396976
-5.992293231422747
-5.989252700011381
-5.988073317159277
-5.994749747334122
-5.999290491414193
-5.996468736529549
-6.001505078764601
-5.988979942379467
-6.001697577758811
-6.010448196108585
-5.981613487122947
-6.005248457078274
-6.001273638470479
-5.989393163870338
-5.998217168062088
-5.99441259562266
-5.985580696945306
-5.984729205345288
-5.997078556933523
-5.987157834469079
-6.000021133268191
-5.989264022940096
-5.994908634862703
-5.987322879136974
-5.971853681046373
-5.997162414014328
-5.998614732307199
-5.986882535846761
-5.984561818986742
-6.007685926465709
-6.004390647010496
-5.972484430779083
-5.994697683346307
-5.990689437431747
-5.983004045306228
-5.989069890464742
-5.996739151687508
-6.001763620606441
-6.008703588618775
-5.974847261479251
-5.986824576759808
-5.991543486035264
-5.992999027097115
-5.980580964905904
-5.989743535153764
-5.99601779931465
-5.99588353974481
-5.986769605101154
-5.984954122302498
-5.980661968195782
-5.997635151695303
-5.985363499870621
-5.985116459558549
-5.990157497448783
-5.979557172625482
-6.001965589168584
-6.002751226355709
-5.989212156764203
-6.003805325674237
-5.981151289793241
-5.987300977642214
-5.992166603061286
-5.987913523662952
-5.996808673430853
-6.004315224988168
-5.99022488812361
-5.974900595437625
-6.006317215345743
-6.004380797678864
-5.979130937837767
-5.985760753688696
-5.994141171139167
-5.995627473300001
-5.990491496241549
-6.003084494789598
-6.006736835522418
-5.992253289101316
-5.998398648176437
-5.98191078218808
-6.00096733597608
-5.98936417199196
-6.001616292449356
-5.988618922519812
-5.993343989824595
-5.986896875797128
-5.988148771495666
-5.99953307583461
-5.987719219905728
-6.000448283256056
-5.98854178818656
-6.00437931747254
-5.985981299136036
-6.007406570500126
-6.005272237785862
-6.012048748670286
-5.992367728418136
-5.978578315360775
-5.979247284731079
-6.004234720514661
-5.982261754540121
-5.998713626017871
-5.99681138083616
-6.00124713440235
-5.981412442524999
-5.985142121577635
-6.005668372544449
-5.992557716068873
-6.003926963733609
-5.985018513802957
-5.990471769324167
-5.997844217424503
-5.987340668807241
-5.990326344505761
-5.985926518540651
-5.994333759644073
-5.996204811587691
-5.983516892435481
-5.984129330837748
-5.996701299992215
-5.980122007341171
-5.987811002188231
-5.99162410180037
-5.985785610328906
-5.981346436708156
-5.988080165886469
-5.975790241889853
-5.986483105670359
-5.987099597487849
-5.981201120385013
-5.986924281553516
-5.987978806013704
-5.999650426769367
-5.991302265937839
-5.978826866437185
-5.984055894436858
-5.980733022463542
-5.979284770425719
-5.991714643655647
-5.98163271151487
-5.985445113023859
-5.988591787571713
-5.996047283522538
-5.979281452367686
-5.985640905789234
-5.978163092107137
-6.013350176376283
-6.001186761003799
-6.001732450616456
-5.983289748003981
-5.988406217393542
-5.986926255323297
-5.983049385599002
-5.997118761879079
