-5.984436703616131
-6.007073257471257
-5.989002170990876
-5.984405528968201
-5.986043328793909
-5.997369656009629
-5.979494897204167
-5.985116957769966
-5.993224717601414
-5.98443496351324
-5.967829333255686
-5.98852999903892
-5.993088261541977
-5.981754879036053
-5.997109560755711
-5.984661817683599
-5.99099176456508
-6.00337637516185
-5.988724795474157
-5.99594127698295
-5.989255585223338
-5.99791667219692
-5.979924689426078
-5.980186111788136
-5.986860276456174
-5.995567889043628
-5.983339728773866
-5.988997060106266
-5.993373073465069
-5.994913817315171
-5.99609120222758
-5.989634930663725
-6.002857042564453
-5.99332358764106
-5.987481235735429
-5.986619214207113
-6.000703122767612
-5.997811336353196
-6.005770067386462
-5.992783556985547
-6.007342665989993
-5.990058633472861
-5.983702137550948
-6.002381117732085
-5.988615908698717
-5.991822806383788
-6.011547043631052
-5.987191117609695
-5.973101257189919
-5.987656707634848
-5.983262382689517
-5.999848353821869
-5.982050852938236
-5.972332767213323
-5.980209322835726
-5.984076797961429
-5.978165219889375
-6.00172631182161
-5.993121780920433
-5.984067817024384
-5.97685803936401
-5.998541624942786
-5.992794586806151
-5.993644264024455
-5.995866405518879
-5.981144667201874
-6.007562760624808
-5.986423689981185
-6.004383059146731
-5.991250677135808
-5.998672203827472
-5.99115275613967
-5.986785377738431
-5.984843894853087
-6.002620821410726
-5.991769369348337
-5.991804765099779
-5.990633649974631
-5.979887861866299
-5.977343052330055
-6.004875968932256
-5.986504798667159
-5.98063047950405
-5.991931973756397
-5.995615684221639
-5.982210556803506
-5.977300481335829
-5.974036567466298
-5.989275556325757
-5.993177704635077
-5.997964031745584
-6.000992549877401
-5.991014603018118
-5.988452227151392
-5.992352288767021
-5.987953972842133
-5.998611914998588
-5.987591840959932
-5.98358613017274
-5.99886355843113
-5.984051745048393
-5.991213594218741
-6.002789876213674
-5.980669433100935
-5.992859138819977
-5.97946034364857
-5.993587071441858
-5.980623152028927
-5.982566519511269
-5.983465511375372
-6.002204345873522
-6.001827123751097
-5.991293087247751
-5.998995119797206
-5.972830749146349
-6.001668948404578
-5.985142210367566
-5.984498477445208
-5.988962075378913
-5.991518486499353
-5.983659812745145
-5.993064127355226
-6.001251205272501
-5.970571759835386
-6.00259845338365
-5.991375976062608
-6.003549066650473
-5.992448129703863
-6.002892813356389
-5.991786938828704
-5.988359302884048
-5.98182250003408
-5.974245830842789
-5.997823837608517
-5.988234157446773
-5.976011769567502
-6.001806200733231
-5.981007176354253
-5.990564765659208
-5.997509240890087
-5.991439643884205
-5.985817143261265
-5.98502593022981
-5.98757532276869
-5.980338589165155
-5.990866956934371
-6.002486921312902
-5.999846282744342
-5.991925242800401
-6.006029320724506
-5.975415974385258
-5.990451384773384
-6.004759793038196
-5.992395466023145
-5.985561280354064
-5.989186750567252
-5.987800201263288
-6.003421702507507
-6.003064812537632
-5.987424329486466
-5.989712156212708
-5.984980410599319
-5.989979351951525
-5.99196981903798
-6.006146583325566
-5.99508868970937
-5.99090815584528
-5.992915763061747
-5.999151771799628
-6.006700300497717
-6.001028434156714
-6.005129788197588
-5.986446716377968
-5.990594235675613
-5.977394993431608
-6.002585214687485
-5.993487003147578
-5.997699393950823
-6.001406224052909
-5.991377399157175
-6.009542074244174
-5.983959606517454
-5.987608921009678
-5.996707015911956
-5.985861114632008
-5.99384398831848
-5.991583250089613
-5.993494842245507
-5.990230402283093
-5.997421902558114
-5.997668711622865
-6.008394066319507
-6.001189116369628
-5.99714973288571
-5.968014214403488
-5.990963344144965
-5.985586230387908
-5.995272858726649
-6.003963746246463
-5.998556141127927
-5.990918071077916
-5.980438077091918
-5.99982807811735
-6.002120494700811
-5.992647035354951
-5.98595154927964
-6.005469051523585
-5.985531717330099
-5.998462463452832
-6.007065709795776
-5.999871232073403
-6.010434920850268
-5.982289643254399
-5.997021948164793
-5.984798169098511
-5.978740106911623
-6.000446667182573
-5.989038822105923
-5.995223394759449
-5.985673149775067
-5.986242990295334
-5.985013379775989
-5.999163416897834
-6.002167484555421
-6.00241451201129
-5.997177446149346
-6.006989442348186
-5.975585538611597
-6.004311486045348
-5.997786303282373
-5.995383160319964
-5.996836898448015
-5.981481928695557
-5.978855017885166
-5.98095262502895
-5.982826598590401
-5.980990715947541
-5.99227406656835
-5.984471548522089
-5.997405544848517
-6.006277029157886
-5.98073682657025
-5.999620532275993
-5.995392797347573
-6.007548069126801
-5.996009657365543
-5.98477296041491
-6.009059999271871
-6.007274031002645
-5.980465377334899
-6.001411189758976
-6.011459420756084
-6.010064199113558
-5.994580210327402
-5.977122582185493
-5.98221319682831
-6.003538081494115
-5.995778885797648
-5.989134744093308
-5.988739761508985
-6.004728347107102
-5.990310142955557
-5.990307388585174
-5.999269244581523
-6.015412761356699
-5.998858308284253
-6.000181888640017
-5.984719687399743
-5.980769527899287
-5.993143174213539
-5.975110864560218
-6.002605156276462
-5.988836975238847
-5.99752464363285
-5.997027995115004
-5.996969063487875
-5.99873927481127
-5.997284641606019
-5.997287846964847
-6.001399104794849
-5.981977791404502
-5.992569574420174
-5.989499010012678
-5.981113112925176
-5.981171464723103
-5.976262396097703
-5.990339315665299
-5.979632080144304
-5.982675437708333
-5.993979795499087
-5.994475624518786
-5.995678157562355
-5.984792185369315
-5.989885542046752
-5.992665935922081
-5.985735917517236
-5.991324245281177
-5.983827961832043
-5.994015821964983
-5.983844696520985
-5.991391894216305
-5.998863085634616
-5.980568073809162
-5.98507179019005
-5.983689979243567
-5.981499522300496
-5.995077072308034
-6.004907891515781
-5.993662181466705
-5.978702894605466
-5.979490405032337
-5.986460143697183
-5.982417688676389
-6.001738883155222
-5.993721902688542
-5.995332077261534
-5.992017074001858
-5.997082839567181
-5.993622848186611
-5.985549846136318
-6.005235857553613
-6.001582584183192
-6.009354751634183
-5.990028947397859
-5.992211283781766
-5.982081338590846
-5.999451624053292
-5.993335488210489
-5.987555536476969
-5.987053134032232
-6.004600960644401
-5.985937992804631
-5.993933202802268
-5.989279925324977
-5.992201091357102
-5.977572348749415
-5.98938481007657
-5.988843050750667
-5.987231611584651
-5.990329184247837
-5.992837882182684
-5.988188594517428
-5.987397467500673
-5.990455529205141
-5.996637349638971
-6.007098906588103
-5.994227562872106
-5.988495095939031
-5.991808460967931
-5.9926394631587
-5.987410473634597
-5.989991639699479
-5.994347611475017
-5.996128192900214
-5.993101574837924
-5.979971561021949
-5.996835834821184
-5.986321290901177
-6.005548630018783
-5.99337723824846
-5.996450212915844
-5.978924322531072
-5.987547997596576
-6.000403672933641
-5.991244705391274
-6.005686241836746
-5.986516175243169
-5.98222916949278
-5.979152394669589
-5.99115998366861
-5.992549414428738
-5.986776761540494
-5.974881009800669
-5.993151601937087
-5.993394831312012
-5.996394445655039
-5.990373584377186
-5.979821117192555
-5.988198916512406
-5.985044141552383
-6.000944661543553
-5.989305271797783
-5.989282542636981
-5.97886724230172
-5.987817204899573
-5.974749612143588
-5.98723836713787
-5.997947359735327
-5.991529394642826
-5.991523704855913
-5.989579697053665
-5.997449383327625
-5.986212989457118
-5.991308700910137
-5.998694533393202
-5.990083983239314
-5.993710740076956
-5.982848070135436
-5.98763794697224
-5.97922286454946
-5.975509400068955
-6.00079210010825
-5.996213511270769
-5.9951960583303
-5.989908573582261
-6.010260229215793
-5.996902452277705
-6.000360049950622
-5.987747568744181
-5.986383510574838
-5.993984167834068
-5.988766113649828
-5.986561540006925
-6.005921125882505
-6.007750378258995
-5.989236932582849
-5.997284527797436
-5.993089750720431
-5.993934453958837
-6.016773210182859
-5.983946123072397
-5.983973353722109
-5.988338139430439
-6.014992535870771
-5.996475122439668
-5.987265537179736
-5.986740652062958
-6.006552748298509
-5.990029850711537
-5.992764697260784
-5.989754801674583
-5.985378986230984
-5.983978708840035
-5.984721622505948
-5.989664222982101
-5.985644469091402
-6.00170569629194
-5.99724196814359
-6.015134835328285
-5.988344250823216
-6.002188869084161
-5.994428148468808
-5.987067072188104
-6.002866966292583
-6.001612753196319
-5.991495755664165
-5.998269925862667
-6.004175049678325
-6.003865971946963
-5.980131651760813
-5.991810558598805
-6.007895721190773
-5.996169881820037
-6.012470327799475
-5.9921462686129
-5.992264908677392
-5.980282114523009
-6.007674682199916
-5.983874774273895
-5.987004271033176
-5.976799698572538
-5.99552293051951
-6.000186501274057
-6.003681634864368
-5.994611500347404
-5.993159320515574
-5.991452846975932
-5.986853795708763
-6.017792237523562
-5.978524776855717
-5.979304485451022
-5.987795186248111
-5.990734995626314
-5.998129874257756
-5.998863633398376
-6.004117178055915
-5.997950088601719
-6.007438088912827
-5.99460807175352
-5.980831484791135
-6.002766405243471
-5.993863716436502
-6.003824989241018
-5.987420770078127
-5.999204451030124
-5.997281879226803
-6.004535644943517
-6.005754804503162
-5.995287395846779
-5.984978937576864
-6.002265425437797
-6.004797039935383
-5.986121889589897
-5.987815501947418
-5.997576195361534
-5.974581307837827
-5.986597549539208
-5.988801183247725
-5.979648774987641
-6.001104842377814
-5.987301491707924
-5.983882164984543
-5.989140208812334
-5.987974902735999
-5.997272621051588
-6.002917901553636
-5.988601502311838
-5.993453098168231
-5.994358412812356
-5.992502817157701
-5.985662845152646
-6.000661319737577
-5.988732058618619
-5.980209350779268
-5.99996045077933
-5.983184868267315
-5.996366812450503
-5.986772680302822
-5.99050914736926
-5.994829591306768
-5.993218395053241
-5.993288719779481
-5.981993458789725
-5.995951551541116
-5.991045645588028
-5.989306666063077
-6.009755981037893
-5.99434812403338
-6.001917426807709
-6.007529737091122
-6.006158840842711
-5.984872130325009
-5.993904185554993
-5.994570390665459
-5.984375929896544
-5.992406567753216
-5.995490857603964
-5.989748059156277
-6.004794588937669
-5.970370190578074
-5.988204201609295
-5.993679451072825
-5.997592274472185
-5.994480647489182
-5.986532420935211
-5.996995200259609
-5.989232647673849
-5.978060116575509
-5.986777633706178
-6.00814723641689
-5.993249543065143
-5.990764706305903
-5.995633221070448
-5.995617973905483
-5.98210913274864
-5.983592318730094
-5.997476331222606
-5.994437339553575
-5.996292751590365
-6.002189432133351
-6.013538422852195
-6.000112663507393
-5.977165680369341
-6.002273931456195
-5.988191987151853
-5.993683359530411
-5.993999001256626
-5.993088095304455
-5.995832579579417
-5.98580507959427
-5.992505626094666
-5.979604336258495
-5.9826321771186
-5.991839482010469
-5.984402882831252
-5.992565747949823
-5.98267959814696
-5.994965441029747
-5.992558459812559
-6.013575662795879
-5.994645247830569
-5.992637168832925
-5.986718318883119
-5.993310715326324
-5.98267189732708
-5.983081828421228
-5.997037395416616
-5.99457987270802
-6.002474331989442
-5.992528166352582
-5.992946794385312
-5.993102153101823
-5.987286476615114
-5.985420634410057
-6.002930491763347
-5.992084847834428
-6.000343137092637
-5.988193843921353
-6.006620402783999
-5.998235612287203
-5.996979055703471
-5.989942116984006
-6.004015540670366
-5.984438382268046
-5.99874620745521
-5.995707825452516
-5.994857206502277
-6.00616622118777
-5.99337073835085
-5.990919725406127
-5.976872738136966
-5.987047924936281
-5.983557158181734
-5.983615097310989
-5.975811350226556
-5.991232978586122
-5.997799348421748
-5.99169170092856
-5.992425309102897
-5.987142750419106
-5.980039964293224
-5.981011827055027
-5.983474256911799
-5.990386140665446
-5.99767770511491
-6.000066547402418
-5.996677170330325
-5.985732849436429
-5.997769902023125
-5.98196573957251
-5.988114895765444
-5.984114785628022
-5.992745072983766
-5.992824717205116
-5.981084924175146
-5.990420562049207
-5.993637456153132
-6.002105507664321
-6.002347023181251
-5.983446169337099
-5.991535195557137
-5.989788194538983
-5.987118408662252
-6.002939080575902
-5.988202412213823
-5.997650231269136
-5.992112526196104
-5.993797805583969
-5.9970038982178
-5.998426383653874
-5.998858068207772
-5.991895128024415
-5.994051777999371
-5.99241193141462
-5.986764559102237
-5.999307861632791
-5.998317206931279
-5.990802697897098
-6.000050853950049
-5.994208510854727
-5.978286032120188
-5.985291442934001
-5.986107140657458
-6.00365339766729
-5.985430824588527
-5.990306054590112
-5.992932718794791
-5.996676102170601
-5.981721932763351
-6.000922790924626
-6.000240748979398
-5.9973591240278
-6.007307556347984
-5.996916841431027
-6.00041397186637
-5.988511926028684
-5.990834349743557
-6.003468975040346
-5.995380920661957
-5.977664140693853
-5.990642856529087
-5.984023104771304
-5.997541713020181
-5.989677104525652
-5.986480841107679
-5.995671115036743
-5.999088639175747
-5.993217889050723
-5.999735578993054
-5.98533918053038
-6.001719696421396
-5.98331652568323
-5.983794104083605
-5.992025181969882
-5.990762266958188
-5.988414931467666
-5.976129337795052
-6.000277681141549
-5.995186612428262
-6.009624667541233
-5.982642267633294
-5.989904434575689
-5.982041739291979
-6.004254892482353
-5.994903145923787
-5.985348554917755
-5.999058392298724
-5.982760316819715
-5.996551297268455
-6.000239689327382
-5.990447702307341
-5.991088537481959
-5.987193309263302
-5.967315472686582
-5.991365669110792
-5.988029062484431
-5.996755162555915
-6.003427860994409
-5.99498592683797
-5.970829320755847
-5.987237232598875
-5.993330406545255
-5.996612215266931
-5.99332287711072
-6.004088100615506
-5.996220901214299
-5.979217129241469
-5.977902546458266
-5.993701137771597
-5.985632553148693
-5.986856832727826
-5.976913192182992
-5.981644664307531
-5.999403751533197
-5.996385177483038
-5.990118868651733
-5.981095618347885
-5.999149858935581
-5.984396139565783
-5.997322548994497
-5.995442223852954
-5.979805526984589
-5.992381762272219
-5.990397445939323
-5.992386363830406
-5.991724280182168
-6.000185020042398
-5.997848624016706
-5.992383624985781
-5.991587994784388
-6.002784877943128
-5.988277537914668
-5.989634089267476
-5.983881708446924
-5.988025194970305
-5.966034199828372
-5.970516254019033
-5.990911509839358
-5.977633924159406
-5.991258607922791
-6.00206956807608
-5.984686947187844
-5.984886436023513
-6.004849559769475
-5.998364419842774
-5.991185145177936
-5.990354893470082
-5.99497229471524
-5.98157283251476
-5.990483521874805
-5.983120138502245
-5.98713359687332
-5.984436021517803
-5.99534065876807
-5.998906139915629
-5.992984767770534
-5.981347367825999
-5.992059917856933
-5.987653692685432
-5.990332269527971
-5.999522300103036
-6.000215417020696
-5.992987103297396
-5.983111200877785
-5.97278792068894
-5.987515252999328
-5.988106009432681
-5.984910555490029
-5.991292640168662
-5.983092523738478
-5.975613503551635
-6.011659326437492
-5.988175614744757
-5.983575081543831
-5.992216147559127
-6.003753045914409
-5.997756860797642
-6.003899902687852
-5.980972747564294
-5.996403759742649
-5.992659711319869
-5.979870744979002
-6.013563027266604
-5.9859539552445
-6.004832694972154
-5.99784251368528
-5.987828254233389
-5.988915454703969
-5.996473282798379
-5.987385511031176
-5.983905934985889
-6.000395082304716
-5.986275184964638
-6.001677871038273
-5.996050776898666
-5.981269782262782
-5.976845698766382
-5.985394660716912
-5.993511526654537
-5.99677761167043
-5.987839170045984
-5.990780021438439
-6.000997603828051
-5.993629174658317
-6.001925311418518
-5.999946856092626
-5.989554726592161
-5.987685721367464
-5.997399753830942
-5.996492584151433
-5.995953490813482
-5.994197987436729
-5.996518914427207
-5.98498291404167
-5.993940429339528
-5.989921327879925
-5.97638962471833
-5.99244940123651
-5.985744213732087
-5.987701917397545
-5.989034599293976
-5.978647314154179
-6.000982745121691
-5.985425397480018
-5.984479945771009
-5.983985897166643
-5.996333706941841
-5.978315920109913
-5.988635607490278
-5.990814420354046
-5.983439480654988
-5.988877542632856
-5.971165665583428
-6.011249072380775
-5.997690539558808
-5.973511389462954
-5.975988719193498
-6.001179213568905
-5.990998905934241
-5.986015706505242
-5.995801882251786
-5.981119748262287
-5.993375070413657
-5.985873605050165
-5.983943718237945
-5.988713628102697
-5.99571800658916
-5.984729930746822
-5.998861803082431
-5.992854353688179
-5.98302087496048
-6.007698403514873
-5.982453966789163
-5.975855072668698
-6.000141468090836
-5.989915594934676
-5.976675708214807
-5.990890588022501
-5.992582379419478
-6.000652076141874
-5.986816411766517
-5.975125434080027
-5.985134813557884
-5.985068552867168
-5.995715434951593
-5.990523988215427
-6.002369318705566
-5.988804448961227
-5.997123447306806
-6.009128784191185
-5.98793208408182
-6.006283853758588
-5.986796310371646
-5.994884473105346
-5.99770160723482
-5.992630264858725
-5.975939785920362
-5.997440424163408
-5.979971608740045
-5.980023681475527
-5.97655952038585
-5.992648534425693
-5.998173667849731
-5.998190191942325
-5.994571501114074
-5.986485483727816
-6.000487754159283
-5.996366765498263
-5.991136637148639
-5.984577862182013
-5.970355450980699
-5.992839799940977
-5.989408134898638
-5.997758377704133
-5.996873212868334
-5.982814047669385
-5.982106058413857
-5.98615852310792
-5.98779514741728
-5.987581557849697
-5.989469553686893
-5.982923470638202
-5.976034007049124
-5.974365059324357
-5.990822841492026
-5.979970087121599
-5.986102152933479
-5.988062539300294
-5.995915629232327
-5.988930420811666
-5.987657949235081
-5.987803079595861
-5.991232477137678
-6.006496224252488
-5.996767487255013
-6.002686689472509
-6.006536958191417
-5.979265176836767
-5.991409085665183
-5.989425939347813
-5.994699798612709
-6.015453677889406
-5.989114013708905
-5.991353718515477
-5.991348050368306
-6.000570032178701
-5.987956911712309
-5.982900446471605
-5.978133766237449
-5.99186231887617
-5.975006203154627
-5.998869820890465
-6.00162350713017
-5.992529915435614
-5.983694957582584
-6.001993993284768
-5.984423849911912
-5.980459226846571
-5.988313061250756
-5.985316145208088
-5.983969377573453
-5.984670126607167
-5.994862937055358
-5.993082567352683
-5.996480770675266
-5.988106619305816
-5.99714862067394
-5.9933578894194
-5.971851987482133
-6.005690512814545
-5.983986689718156
-6.003644854792651
-6.00419553279299
-6.002168881121325
-6.001272505634831
-5.981381342583724
-5.986164710849375
-5.992638754639645
-5.999980971090746
-5.995819177269767
-6.00017136063332
-5.975472100163098
-5.984011820239136
-5.990152431373414
-5.990421732893453
-5.979971647787868
-5.988120249140628
-5.998899707776612
-6.00362267961476
-5.990997825011157
-5.986508512663175
-5.999203566085759
-5.994128651204243
-5.994150836387914
-5.979668412773623
-5.981788476738062
-5.992653431502689
-5.987627421131598
-6.004444625555424
-5.985775460642277
-5.996179271675111
-6.003316412907625
-5.981293446605336
-5.993159740105729
-5.981528282497815
-5.99120309724954
-5.990705631921172
-5.995140688064877
-5.985598380938684
-5.988607738843886
-5.996179733733519
-5.987290447653357
-5.981058370134323
-6.003134589840863
-5.999864616367399
-5.984414037949106
-5.99184707865393
-5.989726905531251
-5.990598297120001
-5.991818336568152
-5.986618278976012
-5.979309064211637
-5.999084569330397
-5.998994738416449
-5.985882576160514
-5.985688678044668
-5.996078377789549
-5.988665810858953
-5.991478055628701
-5.994668658069587
-6.00504683961349
-5.987806288671934
-5.980033038655511
-5.984915118535798
-5.999777313050303
-5.985286660602508
-5.990431339223234
-5.977951184017732
-6.001376833768862
-6.007389504245537
-5.99257444535509
-5.982923615050168
-5.985576585867178
-5.983620318476117
-5.984955157326067
-5.989096552995016
-5.991605958624239
-5.981240365610815
-5.998429942677777
-5.992656615995022
-5.998581917749317
-5.997350605001887
-5.981241309085037
-5.98978420640262
-5.993797445049487
-6.002552643555448
-5.995770405957126
-5.990934440883137
-6.006992326638848
-5.990747035853927
-5.997132263556581
-5.991190314442759
-5.995453801239573
-6.002308297975231
-6.005697732000709
-5.995607353659724
-5.997784996375021
-5.99349228343121
-5.983431108690938
-5.997892085365539
-5.981268901460209
-5.996378413155907
-5.981932639540577
-5.994536577488513
-5.987506804487334
-5.989508128116161
-6.000395270568091
-6.001541953474852
-5.993906187158424
-6.000358016187529
-5.993245524473705
-5.977579888920237
-5.992676295452618
-6.003820886509375
-6.00103776824101
-5.997200071321899
-5.993315454266758
-5.968020681024321
-5.990118829094735
-5.994040937728504
-5.99145693535358
-5.983840208199312
-5.971401052304687
-5.979245705974561
-5.996637595028986
-5.986166186482367
-5.988226368153543
-5.974854763644437
-5.995085000589664
-6.001665992344606
-5.998480058321078
-5.985161741090685
-5.993803698325918
-5.987765677650646
-5.97759368261281
-5.994719547734769
-5.995561357771437
-5.988145805702679
-5.974433275827272
-5.992752976149033
-6.000440259101531
-5.999161106369699
-5.988905935821485
-5.994628583353543
-5.998509750058245
-5.992702403491776
-5.979820183256858
-5.989720765293475
-5.998224894368786
-5.984699934180481
-6.007406449811754
-5.982947685926173
-5.992631894280657
-5.986195816009646
-5.99694895411236
-5.998968584236566
-5.998339447057528
-5.993325065229463
-5.998855995050254
-5.993889974623947
-5.997398330492034
-5.998227869974436
-5.999079816267197
-5.997653011551113
-5.985184785656599
-5.996757134833691
-6.002329483422145
-5.992775501182563
-5.993767275628206
-5.991549314173795
-6.004046453321988
-5.983418635201636
-5.998782668899484
-6.002073953636978
-5.992032598448763
-5.993953589380914
-6.009270125822628
-5.986507128700381
-5.991038230350084
-5.977472620507998
-5.985592408026978
-5.995492945145013
-5.987819681627894
-5.994882764031617
-5.989216854696013
-5.980499912837095
-5.981485592936675
-5.979775723684309
-6.001436745642008
-5.993324509016102
-5.990009572131449
-5.996489108433347
-6.002649501544441
-5.993365074209523
-5.997613245708995
-5.982353517727873
-5.985227213251716
-5.991672300890475
-5.990512072073702
-6.002971991651267
-5.975016624202509
-5.994891043708047
-5.988556485446963
-6.000872229968694
-5.996045730853075
-5.9899884205495
-6.007633013245971
-5.984947521720795
-5.993100746095167
-5.998423496629693
-5.992613130174966
-6.00704343046762
-5.986719901433663
-5.997444672248187
-5.9900452762867
-5.999209403762897
-5.986756662310238
-6.000472614089744
-5.982154110532505
-5.987571426695234
-5.997377802394019
-5.986496143953819
-6.005940287236715
-6.009348509177499
-5.979622713442165
-5.986860369140799
-5.977292032862034
-6.000278048110296
-6.004088206387876
-5.990928309998825
-5.995833505098558
-5.992612491657376
-5.990546247757654
-5.98885116485195
-5.994162132408158
-5.990830845205904
-5.990555866758798
-5.995523448774785
-5.988213550601955
-5.987762013368106
-5.989541107654694
-5.983197701429485
-5.984373000558943
-6.001562065539164
-5.994167842423101
-6.004385486233994
-5.99170518848568
-5.990348127159628
-5.985233543672917
-5.988489095841439
-5.987769004014525
-5.993814157418435
-5.983552251157582
-5.985988176178386
-5.984376044147822
-5.997398710095267
-5.998421453715927
-5.990804843713137
-5.988279182191843
-5.994338804652095
-6.000394899519314
-5.992456929224803
-5.984232130303048
-5.999828771121734
-5.975060674286997
-5.987747054625914
-5.992031994648816
-5.996364528043291
-6.011801056054042
-5.995116439889352
-5.998081903655048
-5.997526191758817
-5.984979167073087
-5.983375954281602
-5.996955763963522
-5.990760290703906
-5.993438310087617
-5.989968640225456
-5.991823830257199
-5.985309967042244
-5.978548336744324
-5.997079300059651
-6.004300467873541
-5.988168503020594
-5.983179518536152
-5.988227906733619
-5.992088651451896
-5.98468549953219
-5.980750475801013
-5.988344621140281
-6.000902328018136
-5.990711837259709
-5.983650432295986
-6.000228146590665
-5.983350305018243
-6.001983412077501
-6.000737030135288
-5.996616621974555
-5.99479273682085
-6.009642034723069
-5.978539237353576
-5.982075570052991
-5.994553797467474
-5.997723824343007
-5.990759525049238
-5.994725252979783
-5.98315256930897
-5.996177947115894
-5.99796493054638
-5.998232406980292
-6.000007453876487
-5.99198380129754
-5.985369847458204
-5.993564641625193
-5.992036309476186
-5.997756634274177
-5.988163990617354
-5.979707434316469
-5.986936298276968
-6.000471991605171
-5.982053438920588
-5.991270139051426
-5.998852134358928
-5.990691764685899
-5.980304041571584
-5.99805263790789
-5.984917741940809
-5.989536640993073
-5.980486501820253
-5.995871160593177
-5.987986321900493
-5.995737603262543
-5.984937837264441
-5.987568509538078
-5.993764173430676
-6.001748603811843
-5.980108677841856
-5.99034433748466
-5.993149091346741
-5.991038073187738
-6.001567091131356
-5.990831686280358
-5.990675654072678
-5.986897213205753
-5.984593492989846
-6.003326058507905
-5.985552700676513
-5.976864091015526
-5.994908199035017
-5.990381672386291
-5.997569871685998
-6.002849954734674
-6.003039867477709
-5.987084903542015
-5.982099558511406
-5.998450152450585
-5.987627302088736
-5.978607662423792
-5.993411825650643
-5.985589497720013
-6.009692860066927
-5.979878271999384
-5.982630799486261
-6.012381153940083
-5.993666586472999
-5.989481429841854
-5.991698405525196
-5.999904914736173
-5.989406979223381
-6.007780043874541
-5.994722132768167
-5.991416099481949
-5.989956860980418
-5.994592483672727
-5.990743821897479
-5.993515665550645
-5.986004474635931
-6.001515764278111
-5.985899103718994
-5.988382038853561
-5.993622811696919
-6.000761377070638
-5.986761317115021
-5.994537863401889
-5.988641185496885
-5.977171709628895
-6.006876675603524
-5.986035105547258
-5.978535764169894
-5.98415209997574
-5.990086309982476
-5.985275692912301
-5.993508822720459
-5.993373548862754
-6.009787243713198
-5.982915937378602
-5.984360724725236
-5.987350414445016
-5.991366903352182
-5.991158958385494
-5.999052276671912
-6.001862793584753
-5.991987654644772
-5.985385573442924
-5.99118318071382
-6.013577137618098
-5.986413253587857
-5.978285788741212
-5.988386598023092
-6.001771622722453
-5.990648551849219
-5.98528787037537
-5.993891329706943
-5.977592364013428
-5.983739440710919
-5.997648719982332
-5.988834681440255
-5.984961180195959
-5.989512529554542
-5.999068379330461
-5.990904625735618
-5.998477136225957
-6.008704245831243
-5.992601459471701
-5.989919830197156
-5.993683598359115
-5.993868351709871
-5.994463033069803
-5.993350555669442
-5.998495300629099
-5.982901607977423
-5.996414741566785
-5.994323689865242
-5.994372126353731
-5.973249981508473
-6.005470304130202
-6.011694717021113
-5.983964963120392
-5.97690699901106
-5.985549784807246
-5.995859370634233
-5.988759626713874
-5.990183873107344
-5.994655005566851
-5.98688931645774
-5.991214402562567
-5.992084260968523
-5.988333368291484
-5.987750856595538
-5.975350174009284
-5.986496826045
-5.979051805228361
-5.997588587938981
-5.995302626875874
-6.003740619913934
-5.993446215874445
-5.986328730410034
-5.992672447898115
-5.984164599324563
-5.977247677089761
-5.984737608726308
-5.974568538281121
-5.979441353293147
-5.979379585550098
-5.993963297048358
-5.999727522276621
-5.991189308232562
-5.998895539148067
-5.989144002681456
-5.992579961437885
-6.001586772335639
-5.981011114599431
-5.986218861190074
-5.987500821816987
-6.006011981618145
-6.000182257613648
-5.998136305273897
-5.983723285317013
-5.987078740301918
-5.999428439031821
-5.988169963032015
-5.981754983273698
-6.009229583478565
-5.996065053701809
-5.985047942088644
-5.9858328788863
-5.994487380424483
-5.993948317128461
-5.998228019322181
-5.999725917024371
-6.001168171334277
-5.990467665422917
-5.996156651975711
-5.992918819088858
-5.984730337522723
-5.997922666897157
-6.000473419249873
-5.993314459345753
-5.999626869626611
-5.979477647926496
-5.974198149450376
-6.000331357265515
-5.997546449007232
-5.988133635729768
-5.975807366903815
-6.000604679937847
-5.981166436640203
-6.008423564338274
-5.988067986457389
-5.979997573412785
-5.983830109785799
-5.984777909031672
-5.986720023034127
-5.99015684599174
-5.982714627220886
-5.99748885504674
-5.997438674673728
-5.986745784951089
-5.989303622695781
-5.991902424849073
-6.002018164809389
-5.991145922305964
-5.994275881889624
-5.991471737211199
-5.995280886016081
-5.992665036909885
-5.97809814319611
-5.991583554506684
-5.992584402504153
-5.994488506904706
-5.989197245739998
-5.981625755486154
-5.977850928914713
-6.010302395205465
-5.987885446468679
-5.984289329618019
-6.001424371635824
-5.977244745036757
-5.982898902812384
-5.980676295872786
-5.981608198192833
-5.986255337361837
-5.996892184953872
-5.981668173039748
-5.988154242308339
-5.982081348316971
-5.987233140638556
-5.995690059372563
-5.997921421863291
-5.99307690361228
-5.993233644100905
-5.994078412222971
-5.980592214969364
-5.995993578377286
-5.996334521228314
-5.998330848947349
-6.001083120963924
-5.988282583459829
-5.986505393885691
-5.996794647446947
-5.988652506918069
-5.982784635123708
-5.98717765151074
-5.993043232398639
-5.984661438683597
-5.98801198174268
-6.003061774126932
-5.99106935274436
-5.999479964760346
-6.000487800348416
-5.996813211839773
-5.997346398240523
-5.996647563764697
-5.991114828646751
-5.99413343828031
-5.98561550169685
-5.977211361054572
-5.990871113339989
-5.991561662449134
-6.020721479562765
-5.994482675068646
-5.987597317838095
-5.993890664367591
-5.99124247895335
-5.999936045727555
-5.991064633711535
-5.981172196590938
-6.000123883751564
-6.002877154472418
-5.998867024003368
-6.000991294784479
-5.978430021983211
-5.978169792320189
-5.995628238558172
-5.989188447937618
-5.995706951594808
-5.992405441523141
-5.98835686769675
-5.984354365437023
-5.978326828360243
-5.981653823289535
-5.990621230800199
-6.000533224856863
-5.989875362439665
-5.980376728689084
-6.001094591505481
-5.96868805706446
-5.993414954922654
-5.986815238459378
-5.988034050608654
-5.995797689957349
-5.982415409846713
-5.975125363681179
-5.991902557110006
-6.008189526009195
-5.991476776563133
-5.99039684172116
-5.990184685309146
-5.995805130411334
-5.985344377677384
-6.000304565474785
-5.99734943564726
-5.977032486676536
-5.985219572656603
-5.993051561930579
-5.998915024215571
-5.989934892723547
-5.984916304809037
-5.990199949797058
-5.991306605959877
-5.994109886844606
-5.98970291585784
-5.999858595187394
-5.99826708463085
-5.982667113621562
-5.990954918696211
-5.997780947695918
-5.986051951922924
-6.007582955993358
-5.995442888825665
-5.997899735521488
-6.012030696518817
-5.993243270070849
-6.00262371078921
-5.982695075287292
-5.971467280432199
-5.988184489488738
-5.994198810228837
-5.993697653500042
-5.997271272682235
-5.993695544207407
-5.996198354400279
-6.00280892785097
-5.993265213015873
-5.987986073503187
-5.984361793694521
-5.990846960572321
-5.999472927247976
-5.985356423933169
-5.979344087934585
-5.993392141901235
-5.989291619628355
-5.98805483617886
-6.00144044645616
-6.009992126178624
-5.985726704236768
-5.98571766651949
-5.987826375324205
-5.983773670420348
-5.988531145901232
-5.980766844368272
-5.992953924832209
-5.994139851988087
-5.986527972260639
-5.98527974322804
-5.989816466919992
-5.998462140880727
-5.989952300287805
-6.000374949460754
-6.003953657634471
-5.99455517577127
-5.986632977107755
-5.992946432493141
-5.978347794450136
-5.995677011135905
-5.995292052564613
-5.981086402578675
-5.988091424384205
-5.999340111804549
-6.006264387333777
-5.994556767520572
-5.983107107087679
-5.999695773699557
-5.99506329790102
-5.994074415056065
-5.981725577682003
-5.991047120649291
-5.982833223520782
-5.997367758307419
-5.989754625297254
-5.981403262848051
-5.98405433856996
-6.000919578848333
-6.010803256684331
-5.989941852186329
-5.982174586418904
-5.992884020569837
-5.989749635217935
-5.981947639795174
-5.998134815249987
-5.990033823629789
-6.005709299250454
-5.981454863195239
-5.989361863338639
-5.974622447915258
-5.980361766345029
-5.993967396039825
-6.000324077214803
-5.989144451549284
-5.983095643507522
-5.996969933911228
-5.984032611788084
-5.994203692583525
-5.975566381392211
-5.997600655031611
-5.991436988508887
-5.981776960058446
-5.996532181071757
-5.976656436475303
-5.990157027919612
-5.991014256849303
-5.986824346441836
-6.001602637419777
-5.996919144044031
-6.001692180602155
-5.993611261009403
-5.993349228455521
-5.992709015368823
-5.995792284716537
-5.983973981448435
-5.981001130905955
-5.985867283452118
-5.994109881138891
-5.983868533227244
-5.983611942609754
-5.995521171186928
-5.98564228218777
-6.007360716944707
-5.998670649985856
-5.9986593305688
-5.986344649673338
-5.998341731300128
-5.996314236748684
-5.984369600253667
-5.988214792773164
-5.986465352833852
-5.996733780512843
-5.999708355728617
-5.988411406343379
-5.99877955921693
-5.99200129826089
-6.002564771767618
-5.998681609364668
-6.009490741940112
-6.007604217911504
-5.97740572411786
-5.990930919036992
-5.987557640734726
-5.976228468179204
-5.982138206486498
-5.991882417943319
-6.006489595743713
-5.984581580925005
-5.987095662664171
-5.999727985180304
-6.012371806154195
-5.994103279014826
-5.995766678937763
-5.995392858852768
-5.987929766092857
-5.988113911271348
-5.983816972674647
-5.993400238530972
-6.012969702556136
-6.003307971972923
-5.983685392362998
-5.979913385090147
-5.991692301260245
-5.992526449590227
-6.007793206229849
-5.975935037895825
-5.988837474919213
-5.995713861359812
-6.0083198524016
-5.992019406858744
-6.001112107374619
-5.986769548901637
-5.987853161655118
-5.995925468718964
-5.994741138061255
-5.968215923082399
-6.006609019733475
-5.996720484389397
-5.997667633562173
-5.985394954071933
-5.98409660762661
-5.979149323878661
-5.995915850362198
-5.995378732494514
-6.000119509886015
-5.978104989042882
-5.993155758974281
-5.98363599410337
-5.985617644917508
-6.013421866374713
-5.999680653898946
-5.989839103664879
-5.984454396841701
-6.004574713700485
-6.004769187120537
-5.982866364728481
-5.984710396858888
-5.987799013459086
-5.977906426810784
-5.987549796409882
-5.988112979151377
-6.006895322752988
-5.982503850780943
-5.993889103132283
-6.00296050186204
-5.979621794291987
-5.986693213419307
-5.990763434287285
-6.002665491084854
-6.003595830916187
-5.99598802687792
-5.964620867142844
-5.985800494054031
-5.985569951149597
-5.997052361300947
-5.991687172590436
-5.992136184105973
-5.98546195119091
-5.994941633357949
-5.990869713264551
-5.98178610623807
-5.984629507821944
-5.994175112982026
-5.989206688395044
-5.99767466184255
-5.996643359053587
-5.994940032737529
-5.98505580848585
-5.989763564031938
-5.988997119333379
-5.982072532706281
-5.984750847132291
-5.990051308931791
-6.000951226642878
-5.990900056018944
-5.987807408379659
-5.981235898996027
-5.999607066540594
-5.993739822163267
-5.997210527376009
-5.986132520482263
-5.978644233469444
-5.994338612295999
-5.996655206348237
-5.977917118319811
-6.0048821219819
-5.98927677844647
-5.986765887176324
-5.997386830330213
-5.999176635910872
-6.00526421712865
-5.993535276408004
-5.977362969618129
-5.999678466491994
-6.003457360399545
-6.009056156626934
-5.979928248706344
-5.981578523341406
-5.988715547678453
-5.98599847762949
-5.991307957638374
-5.971917540051477
-5.994509942705844
-5.988600904383972
-5.991513154204984
-5.985253357955218
-6.005875915391874
-5.995287162150617
-6.001247289312162
-5.987427588784716
-5.994087143086764
-5.979418605471342
-6.001759246583313
-5.995752486592169
-5.990878472586663
-6.000455975551181
-6.000503522743926
-6.004298487531356
-5.991393091229045
-5.985940378369942
-5.982965036597355
-6.000434210543752
-5.993163932203803
-5.986385741114952
-5.988382735674826
-5.989148240466762
-5.992044863312699
-5.998653713961339
-5.98295108445938
-6.002009187794777
-5.989566475673881
-5.997330987044315
-5.98811545602528
-5.972248789476479
-5.984457516790993
-5.994781690936922
-5.994007555504418
-5.99234178410787
-5.992000286484505
-6.011748326541496
-5.990661922962637
-5.984639188454947
-5.979277794931376
-5.980028707679089
-5.987273924853066
-5.992761179772023
-6.002825321761173
-5.983615170818993
-5.994875479819661
-5.99157276708095
-5.991132337816691
-5.991020678584267
-5.992012063273148
-5.972752997200159
-5.98624433371114
-6.00088070263138
-5.987966593038743
-5.976398164740338
-5.999317729325189
-5.98977182742539
-6.007009652765354
-5.996428903746586
-6.000155854374967
-5.990782570850243
-5.988776211955793
-5.985357498760782
-5.989894383782426
-5.988515913694272
-5.981144176037415
-5.994233066147444
-5.997324089480954
-5.998023867496484
-5.991883515303258
-5.989289480634406
-6.00243406426171
-5.997454673171723
-5.999159199402217
-5.989058980452222
-6.000187848315576
-5.993939421446366
-5.994476981305271
-5.983690603080466
-5.979139725372852
-5.99720146767559
-6.003011172186708
-5.997112498062285
-5.995793346476888
-5.990207878643838
-5.986128954531408
-6.000138237533463
-6.001795836167275
-5.997735071864704
-5.988759788486459
-6.009742880405826
-5.983853397450527
-6.013069562505839
-5.991015387462369
-5.994799550428849
-5.9898849033152
-5.976653756886955
-6.007222807429706
-5.985000195531307
-5.9862484611481
-5.986699952961842
-5.990353195565773
-5.990500564021239
-5.987600376992341
-5.998056498981412
-5.98343939390389
-5.99264935423996
-6.002541588749432
-5.98417605086263
-5.989078318784264
-5.988012194585923
-5.99259070083511
-5.975936363070366
-6.005631994229655
-5.991444202940687
-5.994126731115228
-5.999773646639197
-6.005842198580265
-5.976532128605522
-5.999262987788106
-5.980616946117874
-5.993500322508814
-5.986545307970726
-5.991164972670836
-5.992623719559135
-5.995679559253458
-5.990231690781081
-6.003131920916275
-6.000958716219355
-5.99255550723932
-5.983040250226081
-5.995340397383156
-5.998575583710552
-5.996534496022675
-5.98691140070525
-5.996396465055738
-5.97088207191993
-5.986875838004021
-6.000798035377088
-5.983125494382979
-5.982455408589533
-6.001902128915684
-5.987693358530469
-5.995901802276103
-5.981116188991479
-5.986519810228251
-5.98506095502368
-5.995618481075147
-5.998094969031158
-5.99999629684347
-5.983249253941495
-5.996377362540547
-5.993686869452348
-5.984007567427934
-5.995088933961265
-5.987375586003813
-5.99828204759203
-6.004006725365209
-5.996232319749047
-6.01841237890504
-5.981662479905836
-5.976557126635929
-5.987247642011557
-5.981071414493573
-5.973730448596613
-5.999809822688804
-5.98908337673998
-5.97959823196881
-5.995489998414844
-5.995053773755018
-5.995805309305555
-5.982272763297199
-5.991027254920727
-5.982599044577214
-5.98664261648243
-6.012381050961475
-5.987976767716914
-5.991633998600859
-6.003705168026293
-5.986128704880413
-5.99557065302003
-5.988053705724274
-5.993525541083562
-5.987967863480115
-6.00705039164517
-5.992579796288948
-5.987566618564663
-5.979312180510144
-6.00492497651299
-5.993397013819962
-5.995117743643222
-5.99659100246693
-5.997737258003248
-5.985967472390015
-6.000696958831033
-5.983694449868416
-6.003141926095551
-6.015741024359452
-5.992503981140267
-5.981623277739291
-5.995472723878983
-5.989878110695131
-5.993611738731675
-5.998874834560475
-5.991770694206798
-5.987563963758499
-5.984564993035921
-5.980257447227164
-5.98322471576546
-5.965537494885869
-5.992513685263722
-5.993286724513706
-5.993897652256804
-5.986812728051124
-5.989881725217814
-5.984583372112015
-5.980806627720167
-5.993147639548834
-5.980902242617499
-6.001376529303887
-5.999092255327768
-5.98271605941369
-5.984696575801851
-5.984992870364262
-5.991275112341985
-5.980392322437407
-5.985810860424632
-5.983401953823691
-5.979520040763784
-5.990047771767427
-5.994291039824541
-5.995986861658427
-5.991974541809986
-5.979009938286275
-5.997789801381067
-5.992005231439211
-5.99606122990041
-5.987809556542079
-5.995983305598703
-6.007521509842368
-5.976809559314153
-5.96910617924567
-5.985072134263757
-6.001516252320735
-5.999155744406298
-5.981525157635255
-6.005531905629667
-5.979245356770422
-5.978209637529259
-5.9912648308534
-5.990048764472006
-5.988151178817646
-5.992033802960364
-5.985442434555759
-6.016553012559446
-5.985725294982835
-5.981017082063769
-5.97257549362852
-6.000096964972297
-5.983792723057263
-5.994731621757414
-5.990574464615588
-6.001252802400436
-5.983050736401232
-6.010595674013345
-5.990293578279387
-5.982565447899635
-5.97487628861994
-5.9935626295757
-5.981471933714126
-5.977228773033412
-5.987266316336159
-6.001713414783068
-6.00169645538553
-5.986352149105339
-5.998977661554439
-5.984147052739091
-5.993169975527263
-6.007412607316682
-5.985762494203922
-5.994603818413213
-5.989694771043638
-5.981838252694566
-5.984845408947344
-6.009426695498479
-5.999872132652049
-5.987624644710954
-5.985242990020255
-5.976705437437949
-5.981364548279398
-5.994750617602955
-5.997626714634746
-6.009485225456289
-5.983822075192837
-5.994853474114632
-5.981302719890691
-5.988144022333477
-6.011396512929384
-5.99226983887749
-5.986709732957133
-5.9996480977864
-5.978600151616251
-5.994248162735748
-5.989462379754928
-5.9833832326346
-5.989489859404746
-5.992059318303114
-5.975543445875917
-5.991612602379844
-5.997008286460138
-5.999045362359627
-5.981074778246222
-5.984235864727061
-5.997349589337778
-5.983358258121294
-5.994205926547092
-5.980894708802436
-5.982949298820093
-5.99529753311896
-6.003670059412524
-5.991638526874356
-6.005882905716151
-5.986586660541406
-6.005471257783134
-5.99679152726402
-6.001416687941819
-5.980703166680103
-5.984156427456289
-5.98688688949361
-5.982900248151326
-5.994921745746148
-5.994003822872545
-6.013025472159411
-6.001655210975448
-5.99014565379009
-5.976044519394505
-6.001479446200862
-5.996754900515489
-5.990731481234269
-5.996583034702017
-6.006214570067203
-6.010976893373267
-5.988543030417607
-5.994304962766032
-5.994263621898387
-5.987782085325428
-5.996433923742719
-5.978553354828818
-5.996507891624584
-6.005944899526202
-5.989472881658028
-5.990938464937721
-5.986791134629764
-5.985349626413524
-6.005504193368613
-5.992410780898668
-5.983867981089523
-6.003526552779431
-5.978780319320165
-5.973419203529361
-5.971599147042261
-6.007314036847172
-5.995876179458415
-5.987220889441461
-5.994922551216495
-6.004682434091425
-5.984886065473604
-6.000128985419375
-5.994370924884332
-5.981696446587736
-5.991995523247495
-5.99063290124688
-5.994405500843248
-5.997357626996489
-5.981896256239899
-5.980381998748271
-6.010186620706816
-5.990785950739363
-5.970210244509374
-5.989244950061845
-5.992759794399906
-5.99663775925073
-5.998060505056916
-6.005666327550452
-5.982180105075919
-6.008607407072451
-6.00411289111494
-5.996470904763883
-6.000106313919073
-5.978512141726447
-5.983150621886165
-6.005595444806461
-5.998193783934939
-5.987059322728047
-5.991794951832469
-5.984711079687177
-6.001668116350896
-5.991977994297492
-5.994246599271721
-5.996842141819946
-5.998228758011356
-5.986101427808054
-5.995014090137776
-5.996443176640705
-5.970330790205745
-5.995502492909971
-5.987928826891655
-5.991771635045414
-5.997790782142538
-5.994222109719479
-5.994808479942888
-5.985585047447993
-5.988144857044166
-5.981475957798789
-5.99792422254015
-5.978218572269266
-5.97518307667009
-5.973325984134684
-5.985043527009685
-5.998187001152192
-5.988147906781408
-5.982672432999921
-5.995585278150695
-5.990738629178193
-5.98646152877988
-6.001597541765215
-5.993026005479797
-5.993156692780129
-5.99754081466205
-5.996224062110946
-5.999280512866468
-5.982231074968216
-5.985401440745389
-5.997248928802617
-5.995437793485469
-5.989645334520863
-5.992822167022556
-5.98591288828507
-5.989622054149033
-5.988398925978743
-6.003935029091986
-6.013155686955812
-5.973085228124207
-5.992783012505112
-5.99823975858837
-5.988661367086476
-5.988273602468356
-5.980138105301842
-5.992168046812439
-5.999792062816886
-5.979481733063595
-5.986999953533843
-5.994279186096307
-6.000358599837026
-6.001911083173936
-5.996559090363174
-6.002757472483447
-5.996877330155865
-5.985832390303916
-5.992455552408888
-6.001822782945304
-5.989701394885902
-5.984016602496022
-6.007289961172122
-5.998692562663277
-5.98485439572887
-6.001894204919181
-5.994076808982407
-5.993263492518747
-5.975313322688464
-5.983512551304483
-5.986422129484044
-5.987382212712567
-5.990306008184565
-5.982143518397542
-5.984606156608945
-5.988729365279474
-6.001572697137859
-5.98500454308174
-5.992488321499533
-5.989597330392463
-6.001446228125254
-5.987445443762461
-5.985692032918545
-5.990017697878266
-6.000976546209131
-5.997061033238335
-5.998278395948434
-5.995524923006325
-5.983066051328525
-5.986375152706543
-5.992133518361365
-5.998427285788115
-5.997480993467247
-5.997657706666324
-5.989862603082759
-5.993673685324916
-5.995496250459373
-6.003070157017816
-5.981014563905672
-5.994630952231361
-5.988487133655454
-5.990238967839236
-5.987769709731226
-5.995683586551455
-5.978385540353297
-5.98500452604461
-5.982061963998138
-5.98995556433496
-5.981506315154387
-5.998025064426727
-5.984171294940138
-5.989161224399997
-6.000482138636883
-6.003380963483051
-5.999114848261032
-5.981091872755472
-5.991862203369435
-5.99421598644004
-6.009197577885883
-6.000274824112068
-5.997793454385983
-5.999578604075296
-5.992266536740895
-5.991514780096032
-5.989336113426261
-5.986738296051177
-6.001495815121777
-5.987887036886192
-5.985263380329386
-5.996843511867779
-5.983250977708704
-5.990005967480021
-6.004111021008249
-6.000802188630602
-5.993239440775816
-5.994531282939805
-5.980528526938567
-5.984136619201102
-5.990264323049078
-5.985272971121539
-5.996747790157412
-5.985189307319303
-6.001906949840371
-5.97914411137798
-6.005351193825877
-6.006218439700658
-5.981567215429298
-6.003848299480905
-6.003364703599724
-5.986512170669419
-5.992518669628366
-5.987174620391517
-5.998382935955574
-5.986262589295922
-5.99424624342506
-5.979385977611843
-5.980405135782106
-5.993006745188387
-5.993793636515986
-5.982292239152475
-5.985687046020391
-5.984851761988909
-6.011134214518133
-5.995585295242268
-6.008167709398456
-5.972204788195562
-5.989369184599908
-5.997544239993672
-5.982244789164145
-5.990004042993909
-5.997348246883737
-6.004976122375991
-6.00317686470652
-5.990173085007782
-5.986685365695615
-5.993724594625062
-5.967188580634963
-5.989059783955331
-5.986249166786838
-6.003401971129222
-5.974917421503972
-5.992703478997829
-5.999541676165911
-6.002971684292549
-5.9910180721574
-6.000231222785263
-6.0046751575313
-5.996313364925697
-5.996033619551233
-5.990054627841204
-5.978662828213936
-5.996366154869277
-5.988227847581975
-5.97892524012356
-5.996104232039011
-5.99438836496088
-5.981104070630288
-5.987332111504159
-5.988513217599192
-5.989656918155997
-5.990433037885726
-5.982571364310639
-5.978068947805535
-5.989750607601263
-5.988724519759161
-5.986974167524496
-5.993461382200111
-6.001137267880937
-5.983497847904204
-5.981355831147829
-5.987249757710803
-5.990501499395571
-5.98517855560055
-5.991326059006244
-6.004906298979142
-5.983482109788654
-5.992481765707895
-5.998695281897404
-5.989386567600735
-5.994118193291669
-5.986513486815974
-5.995274884808013
-5.986830905102496
-6.000553755876166
-5.969062099254303
-5.988371151457946
-5.992339216061547
-5.964567211915313
-5.994093443783189
-5.991562516598668
-5.992444343702179
-5.982329708569622
-5.992584267854577
-5.994604806835238
-5.985715603937119
-6.007438126950956
-6.004293746783963
-6.000030418545075
-5.995951071281082
-5.998306845372353
-5.993756213381537
-5.98721446265878
-5.991449241702395
-5.996296729290657
-5.987942412036806
-5.996894417360947
-6.003188742752302
-6.00021321336125
-5.990627132065796
-5.996259815596069
-5.987510145384313
-5.995942737798718
-6.007715817890528
-5.988658842998229
-5.972457449009211
-5.9909651281806
-5.982036064835855
-5.988237303041448
-5.992539751922505
-6.001512919799905
-5.996958177368088
-5.978529877808455
-5.990303191780652
-6.006089352644346
-5.992694038250807
-5.990592046272751
-5.996541001089905
-5.984428916933495
-6.015212744670611
-5.984060065641304
-6.003369002253836
-5.993471662747304
-5.998761660966567
-5.977912874272199
-5.984434209152908
-5.9816488951514
-5.988734131190604
-5.978288947990268
-5.980118935849838
-6.004221767760177
-5.992567702799128
-6.000954777603375
-5.985861268528368
-5.992922415460558
-5.968598868892471
-5.988076787534251
-6.007386845889803
-5.99367114463483
-5.993960789360496
-5.99468904443063
-5.986831774680218
-5.994878200152647
-5.984667077236501
-5.993145302048751
-5.994099018926776
-5.977618393702979
-5.986767455139076
-6.000154283818431
-5.998247487443543
-5.981818900144917
-5.995162184147047
-6.001130101945534
-5.999560585034084
-5.995204865827806
-5.992107717885869
-5.983828020305088
-5.986797768574714
-5.983786760727191
-5.979922360041587
-5.988294938581717
-5.985483012071919
-5.998617226577815
-5.998842639274898
-5.983240808285859
-5.992625833482058
-5.988168753850466
-5.99151589848126
-5.978142176301317
-5.987253914621152
-5.982545342078211
-5.997029550864762
-5.98266594268776
-5.983946146189272
-5.999933313672281
-5.996451190430953
-5.976006838085825
-5.991323901171009
-5.998204910698274
-5.987057240133103
-5.990696381897772
-5.985877372365276
-5.983733292509451
-5.986318770951929
-6.004455407621752
-5.994185032895941
-6.001291996396739
-5.998713884627888
-5.989297664194956
-5.973705140496487
-5.99966288259367
-5.993919991063918
-5.995434457238699
-5.985221365342726
-5.999591551615605
-5.997542561150984
-6.000135432079622
-6.002225790567282
-5.999041523342842
-5.992337575420426
-5.993411807876317
-5.993405462586272
-5.985308538956045
-5.996799803672171
-5.985653357346986
-6.003666493681794
-5.998695528100964
-6.002350337200987
-5.988995004671624
-5.995295586802162
-5.996377890440695
-5.993011595638934
-5.994438671865669
-5.992275999492821
-5.986369971268719
-6.000912568535361
-5.998240617509828
-5.995230430415157
-5.998181763734405
-6.002800655231297
-5.98235873236069
-5.98834668782594
-5.993185994265563
-5.993666764370524
-5.999375301759442
-5.974511675744596
-5.998886489351094
-5.99087237460594
-5.985391896319041
-5.98382104278191
-5.99866478074668
-5.992083582204518
-5.980128683803892
-5.994555541878818
-5.99348245140235
-5.994708834870337
-5.989593580680471
-5.988480798402525
-5.998425218204855
-5.994532155490673
-5.995674420976133
-5.989759886515475
-6.000165388645709
-5.9799099407362
-5.991508865373014
-5.995780234932489
-5.981452336794749
-6.012603082880265
-5.993741220746487
-5.991484037616592
-5.996157308863049
-5.981823718180505
-5.9805208300245
-5.989045544400978
-6.000668299588702
-5.98340004737558
-5.985823016763791
-5.994427177816095
-5.996774088359747
-5.999694395312688
-5.984846958869869
-5.990317900513538
-5.988136008524636
-5.991639356310665
-6.00014091296469
-5.987927465111631
-6.007883695081467
-5.97992781378438
-5.991146012648628
-5.997105346290495
-5.983675391246646
-5.985098785997113
-5.983945212125902
-5.976110256530313
-5.980529671642384
-5.994930591891948
-5.981827150409641
-6.003628629065426
-5.987255107593499
-5.985420404938788
-5.999629052290834
-5.989320325669256
-5.998513201934209
-5.98460113562337
-5.991877601800194
-5.987306830791962
-5.995246303818221
-6.012419288098212
-5.9835089479308
-5.982210895262862
-5.981671425920796
-5.998937920673764
-5.978358752932071
-5.996388506134002
-5.988642449927347
-5.979201358185501
-5.986067895467758
-6.01312374067502
-5.992812322353667
-5.994386165768431
-5.990330853820574
-5.975301426577683
-5.992364184040893
-5.988417878381712
-5.989693346859928
-5.993459181346633
-5.997971529111918
-5.994564530581292
-5.987164367679979
-5.99478826391795
-5.98595614832467
-5.998801530786163
-5.998515671472164
-5.993449208495614
-6.000513927575995
-5.981569129855266
-5.995075766211353
-5.995175601425363
-5.991156607323068
-5.983663663829655
-5.990586260357264
-5.975189115902709
-6.00420724195941
-5.968075785437689
-5.995460572950591
-5.984742159441799
-5.993878376112931
-5.992420653715115
-5.98803645717387
-5.993349096653147
-5.987198188556787
-5.982388948568746
-5.985462517768786
-5.990200949378502
-6.008291024915703
-5.97690193489153
-6.001597572067723
-5.996320773000313
-6.007416902638108
-5.97709101871386
-5.978263774637395
-5.978138646579199
-5.999718034558434
-6.002172908699641
-5.997298816485363
-5.99216137127978
-5.977054710115483
-5.98707782392353
-5.997573343404326
-5.986561413953448
-6.001155861892926
-5.985261474688382
-5.990112761805624
-5.988804235694444
-5.985006611854941
-5.990726953971842
-6.002522474660632
-5.990630551918783
-5.9909661097172
-5.990089272638857
-5.994327162464186
-5.999099051540009
-5.984015768619726
-5.977842151406612
-5.997795765585733
-5.993162320186859
-6.000631725585615
-5.982953449434117
-6.004917914686645
-5.991255583577744
-5.974535297096573
-5.994620203574001
-5.997988372943191
-5.987878967572024
-6.006348182463324
-5.990123757201554
-5.981546071715578
-5.989069173023705
-5.995119210110371
-5.987907316610367
-6.000901647433676
-5.984841486742284
-6.008419317899666
-5.999137389582306
-6.005867687677201
-5.989339772838084
-5.986589596451603
-5.995105103626842
-5.996173977524413
-5.98976741929873
-5.99818922072612
-5.982371513967168
-5.988020287316043
-5.99102257764163
-5.994981139173528
-6.000050017411769
-5.979179509094017
-5.992194884481841
-6.000507459300823
-5.99402166202122
-5.985267928412163
-5.996891312455562
-5.999918297917688
-5.990902225725102
-6.006214566725517
-5.990343257361707
-5.979857009040841
-5.987670414933602
-5.993482529105074
-5.973514473815896
-6.0142936525857
-5.984536207131122
-5.981255872022349
-5.981262448171099
-6.002178122109697
-5.985653635943324
-5.998266523988974
-5.999265730398922
-6.002630326737727
-6.011878741797206
-6.00277861123582
-5.985368879180842
-6.008460398854131
-5.983655615594701
-5.991418053055896
-5.988451785809959
-5.97997291494474
-5.988168102565617
-5.982794249800648
-5.977828473191844
-6.001204697969031
-6.004563626838717
-6.001089573952981
-5.996418332720348
-5.984187306121904
-5.990574212369705
-5.997420156634048
-5.996799589933029
-5.982092899420963
-5.987451563266188
-5.995909413032351
-5.992080151837406
-6.001940476524695
-5.981190229307869
-5.981246703387119
-5.976138265011241
-5.979184473377201
-5.997033712744869
-5.984157862100445
-5.992054942724479
-5.982207014929049
-5.979898474551461
-5.990542810934766
-5.990892030037505
-5.970435968626624
-5.98463112576054
-5.990824576343456
-5.986804401454195
-5.993917905994693
-5.980230569500564
-5.982314557192309
-5.99382657325744
-5.994203262682283
-5.983266767163793
-5.998670833245768
-6.004213781786238
-5.992821507143092
-5.996177337430512
-5.994097906792883
-5.994721195199405
-5.983155758135904
-5.981642152618663
-5.994627957096412
-5.995058706003484
-5.985312352897625
-6.001757519574119
-5.98589604016955
-6.010139199989459
-5.98315105952273
-6.006003905541093
-5.990491047518227
-5.982790024458437
-5.988122474473529
-5.990480373726418
-5.98475011652595
-5.990588401230614
-5.970878610745102
-5.978995846677799
-5.990003466254543
-5.991131411405576
-5.993306338292291
-5.978858932041446
-5.985000027627095
-5.999297620294037
-5.99246764758696
-5.992615226376448
-5.978511211796516
-5.993782599416695
-5.988197614293629
-5.994197044030504
-5.999067998055738
-5.999014275594834
-5.999771125162636
-5.996285169762834
-6.003910944055173
-5.986062903282788
-5.98351724567659
-5.996255560488613
-5.992825444062754
-5.990928391316515
-6.000210006478946
-6.002670521666768
-6.007895782415539
-5.993420970115532
-5.994878952688882
-5.974021583410782
-5.996576695610122
-5.982246748641592
-5.999178327739037
-5.970665363961168
-5.98212211790001
-5.984026252945132
-5.991766475728973
-5.999196970950703
-5.987776649749219
-5.98381163558493
-5.990433404364118
-5.994663012925609
-6.002042039565578
-5.986808150911084
-5.996136204080843
-6.004573582919821
-5.999529067916807
-5.983547697095729
-5.979572228286757
-6.001596489560741
-6.000873002730792
-5.990057631901457
-5.989357167649244
-5.980339232035597
-5.995463546354809
-5.981805025727954
-5.985833926894649
-5.985013628556201
-5.973419183309241
-5.999015123014399
-5.996399007511529
-5.988778954125435
-5.989367411912565
-5.996824614885887
-5.987805248234919
-5.992220804427098
-5.964227602595943
-5.995530366460588
-6.000057475034076
-5.976630126101118
-6.016020918948415
-5.997906598011324
-5.989644103424872
-5.981788055510875
-5.982559658277305
-5.980771614293666
-5.999440941118261
-5.972702671930807
-5.974297468811598
-5.990814461488132
-5.997446365323177
-6.00307740298842
-5.981245701904064
-5.998697839236711
-5.999256524138347
-5.978505008267817
-5.994567505404743
-5.991833743363638
-5.987328052263334
-6.003613132464557
-5.99867334799752
-5.993033553588796
-5.9995814422918
-6.001526353276913
-5.990969808429187
-6.003304063167261
-5.992117420113757
-5.994110281804119
-5.996804188232228
-5.999310201618826
-5.994663104048117
-5.997439251351444
-5.996845357093479
-5.996281589804824
-5.979813445242101
-5.993370525696605
-5.975089045271099
-5.990196388903657
-5.994477179701438
-5.999771140959966
-5.990847320955837
-6.006481317153144
-5.997795646686241
-5.985989434741863
-5.982622094182623
-5.983494958160379
-5.980550115344675
-5.996052011754084
-5.992998339773947
-5.985716999774172
-5.988253993642881
-5.992087337450665
-5.994717666945805
-5.995274781144866
-5.998121728098919
-5.987163836483337
-5.990436033651681
-5.982659252311592
-5.98730189294549
-5.99139327049975
-5.993438075140918
-5.971816513142345
-5.985946076926581
-5.98411777703129
-5.992093553057624
-5.99369659580393
-5.985172549752015
-5.992963524612481
-5.989824640206389
-6.004005600241221
-5.993151364039866
-5.994538545931046
-5.999565697563218
-5.99650926200816
-5.991474690303474
-5.98368510468725
-5.989800300159832
-5.988789772623774
-5.989113151578239
-5.982914830254502
-5.988271210864111
-5.98643539280858
-5.982208560704308
-6.001351426125806
-5.994281043653365
-5.986863564615483
-5.991823373579204
-5.992414760952374
-6.008458135642326
-5.981559109272676
-5.979920425847768
-5.987491499845841
-5.984935535820761
-5.9838534426482
-5.984421005375673
-5.990246674462269
-5.995642797869062
-5.979748713724622
-5.992769408883957
-5.980323443510747
-5.989971855158518
-6.003284250922109
-5.990267192324077
-5.989985587219155
-5.98726725904939
-5.98533917919517
-6.004434772570587
-5.986094137516001
-5.989962957747421
-5.987352964503104
-5.978749747027021
-5.996287692480005
-5.978742025145529
-5.996176830064794
-5.977020502189104
-5.981644645160833
-5.985426748890369
-5.982849390541195
-5.995783896636275
-6.001373045264698
-5.993443276681966
-5.986140343516288
-5.984483544026863
-6.002386460007575
-5.981020695952432
-5.98709751338985
-6.01156956032091
-5.996438167409019
-5.982209022957809
-5.969320340598262
-6.005025769203725
-5.984116045919954
-6.003129373715711
-5.993141228335392
-5.996940476229769
-5.994482934507092
-5.975430342352239
-5.987414581077491
-6.003499288540427
-5.979939822291027
-5.99875511445972
-6.00762419462128
-5.975282055027336
-5.994834125219907
-5.985919875492488
-5.98449087457542
-5.995701266978711
-5.985150531138569
-5.987538251876328
-5.993676686588639
-5.994320337892759
-5.998159955655916
-5.988291661066754
-5.982071641623671
-5.992546177169597
-6.020917350541686
-6.006752297245032
-5.975511931757143
-5.976673240747336
-5.997085167613703
-5.980718343385471
-5.998853910013762
-5.993490524446269
-5.985990554486493
-5.988129216276382
-6.000892344219431
-6.001140308337117
-5.996900939120226
-6.00805949492069
-5.989955271441361
-5.990301185863012
-5.995924636827692
-6.008102791043511
-5.989698755758306
-5.990580844871695
-5.989052488683667
-5.984910281955929
-5.995404347673119
-5.998600989872775
-6.003573489541883
-5.996648881378749
-5.994313303237934
-5.99301133595022
-5.988980994161714
-5.973772034389011
-5.991955051995784
-5.988323989098282
-5.974692573159177
-6.004117331929959
-5.979459378107831
-5.998732852542354
-5.985374525701819
-5.988476763217802
-5.991051761427241
-5.983010021432507
-6.004120371652404
-5.983428641833242
-5.989007794302742
-6.001036150466198
-5.981933247032275
-5.980124415565635
-5.999816237072096
-5.999173145907159
-6.000401776631301
-5.990875860033348
-5.996968049572161
-5.978706732240552
-5.989242137433006
-5.993665768136291
-5.988301140252926
-5.976008793130107
-5.998476100118193
-5.988449671379151
-5.980421306169418
-6.010274171519452
-5.982005803541594
-5.995521560575484
-5.985631316124817
-5.978262557916775
-5.964086730566829
-6.000586733339876
-5.984840138912539
-5.979847738918445
-5.977830754243163
-5.984401607940614
-6.001395647620693
-5.995508102970542
-5.988007339668355
-5.989250198839816
-5.986403647629934
-6.012101811819555
-5.989929291781754
-5.980700334113486
-5.99559565907651
-5.993830463541986
-5.971181384556965
-5.988760819811388
-5.979267896385593
-6.000741919611391
-5.987162268092574
-5.984527314145538
-5.982826270381074
-5.985322011577637
-5.989238389637341
-6.000838780897695
-6.000671029635891
-5.977911440633632
-6.000726782062603
-5.997158719468699
-5.989420013845842
-6.002510293093368
-5.997403632229942
-5.991785190519406
-6.000034723563473
-5.995703835261498
-5.995221386265737
-5.993594852564848
-5.991587700038362
-5.9992643914287
-5.987870965818323
-5.97928201846535
-5.983757091559679
-5.977940224848457
-5.988049998503128
-6.007695702744824
-6.004695102143048
-5.989729055728574
-5.985824179468709
-5.990635958731024
-5.990109501951308
-5.992285442298092
-5.989951855993144
-6.009583617959978
-6.008971090832845
-5.991951761010111
-5.998707051773241
-5.988737976337691
-5.986039575115839
-5.984371931957228
-5.986881029119151
-5.995804051308663
-5.990969748151711
-5.991563984345071
-6.006469843635017
-5.984038309120811
-5.997057331055506
-5.990166370679944
-5.988991375612046
-5.998286741561494
-5.998557446804311
-6.001549552424623
-5.976036738503749
-5.989011324892875
-5.99600955446063
-5.989990552322195
-5.997486405017038
-5.986524575073118
-5.981689709899391
-5.984128512082198
-5.999621133453053
-5.98275755572705
-5.980098820403462
-5.9900120827254
-5.98613637630537
-5.997033365031673
-5.996572298239324
-5.991815998906947
-5.995257136681755
-5.987001330529547
-5.9970638888447
-5.976343826846183
-5.989380649514777
-5.982271311246547
-5.994507354081907
-5.99821858636149
-5.980231910662769
-5.99148785706662
-5.985013774350632
-5.998722175276129
-6.000715412297662
-5.988237486615001
-6.003089999145613
-5.984158328470272
-5.994423868056031
-5.997783610054793
-5.988074715177965
-5.966572946395551
-5.97238679584525
-6.00380182297569
-5.982187118680668
-5.985149085660519
-5.997795483496038
-5.981120551201577
-5.983887364320619
-5.987182910694782
-5.996363698971355
-5.981011638273388
-5.984433108961677
-5.983826924671755
-5.991813748176557
-5.987278316140692
-5.993546053656939
-5.983424328007165
-5.998484242131644
-5.978526197771942
-6.007230193898637
-5.991067566308251
-5.988522404413084
-5.997165388868056
-5.99286169796435
-5.983247982214502
-5.996152777884689
-5.988958387047045
-5.985789229103522
-5.99413879564265
-5.991467031151022
-5.987379210529205
-6.016673485369841
-6.004629258977772
-5.987069420216698
-5.987203884076628
-5.994948702038708
-5.980160294532116
-5.980948158124289
-5.992772378627358
-5.984987270511536
-5.989777718374556
-5.992336417185479
-6.011268107489097
-5.98960487992816
-5.985094234704609
-5.993561262141491
-5.99424154175533
-5.992169234117311
-5.981190858175542
-5.994755860898723
-5.985821692331155
-5.997678574346737
-5.990436687133744
-5.996774423097602
-6.001676759782215
-5.991993647565759
-5.982312872227595
-5.998826881827889
-5.994352092584387
-5.99766430061253
-5.995027847198072
-5.999028815844686
-5.993427082546437
-5.991410563978291
-5.99424265797574
-5.987786662533001
-5.986705920570891
-5.988010938758478
-5.988774091469613
-5.971328259670068
-6.000206403733175
-5.990382206570265
-5.998384573719213
-5.983122798090591
-5.984944081425095
-5.993566458199333
-5.984163271108673
-5.997383347516662
-5.97317373427898
-5.980956487308413
-5.988446489847528
-5.998984569074698
-6.012820232557054
-5.978121241384884
-5.991705978759526
-5.991362506794533
-5.993905502017148
-6.005463570813636
-5.990468624342037
-5.979502376082384
-5.985471820766424
-5.990416680458063
-5.994445287437784
-5.996620821643953
-5.994272117984253
-5.971432976910171
-6.004650335338154
-5.99675604398541
-5.96572723588899
-5.984806646177175
-5.992512868970699
-5.973477105142758
-5.989797669720789
-5.971808831866804
-5.997673589947194
-5.993968104238369
-6.000917876514161
-5.989536121016179
-5.989985177582742
-5.995390220317787
-5.990701590425983
-5.977586136780009
-5.984399397584464
-6.007910471733157
-5.992880910707573
-5.989491235728882
-5.999678934953735
-5.992934060526868
-6.006742740542349
-5.989560894571157
-5.986163543806764
-5.986763150546405
-5.983460974077514
-5.999544000279562
-5.990614600323592
-5.981084834970794
-6.001609637618092
-5.989156047552158
-5.981856562569452
-5.985673419457183
-5.988923155638273
-5.983144296985638
-5.991823539363537
-5.982763865303772
-5.989469206521752
-5.998036123503705
-5.997191438855223
-6.001188219156083
-5.984405257001765
-5.980727499291559
-5.996678504822741
-5.979405499185671
-5.989051759574322
-5.998805504439568
-5.984728844502076
-5.99187456782645
-5.994874906924308
-5.998070907693268
-5.993257978565413
-5.97676913453599
-5.983183726218285
-5.993343383207718
-5.993241976475503
-5.996989932363628
-5.996095739663279
-5.999327180946735
-6.005306976010506
-5.990781428932355
-5.98732048074352
-5.991938007460638
-5.988180182395426
-6.001382207653926
-5.977284470351332
-5.987105585400679
-5.98445481073225
-5.998301981735167
-5.993599000488915
-6.000394585266556
-5.98402612227235
-6.002426345281756
-6.003667246862084
-5.996773688969519
-5.986710701226555
-5.98729878419181
-5.999272975901391
-5.993722964383125
-5.982184484183946
-5.991457324418885
-5.989003497582775
-5.992924849494258
-5.999886863800427
-5.996915262816012
-5.982794487103917
-5.990730731797151
-6.002174849043381
-6.000738293140421
-5.996459060194727
-6.005512049593021
-6.011314845624312
-5.993564634066459
-5.998143520826158
-6.002650703887213
-5.989564556622463
-5.98385602990789
-5.99100006151325
-5.995276535656664
-5.989711830066325
-6.008766607353144
-5.987918253669702
-5.99053212815822
-5.988247980443909
-5.987632358082628
-5.989700119547835
-6.001505274317436
-6.000323544374465
-5.973424640708134
-5.988737385821172
-5.986818565335517
-6.014546226019525
-5.998017797190353
-5.994210490859434
-5.994525624350317
-5.985452133417473
-5.976477401582961
-6.002315578739903
-5.983791814409158
-5.971161650896158
-5.978462758002954
-5.974561564178356
-5.982427123835199
-5.992627059257846
-5.978260169370854
-5.985009018457106
-6.002529091356545
-5.987183625037587
-5.968454570475249
-5.979240296015074
-5.99443280034061
-5.984551450474634
-5.98359378234893
-5.978675499594816
-5.983818758338015
-5.998403962592475
-5.978009902737483
-5.992228165475098
-6.001234247604984
-5.98724692546876
-5.985393276583203
-5.991539009969514
-5.980523225826882
-6.003226296721961
-5.994396522724934
-6.006851275992233
-5.999231174315194
-5.981940605117186
-5.98428327157866
-5.999000259766989
-5.993352105208936
-5.98115928539307
-5.987445667628222
-5.982755452769211
-5.978308957264585
-5.981698991596772
-6.003113068492575
-5.992658749946771
-6.000514115498175
-6.007815166780016
-5.983781166378807
-5.987941627533363
-5.992831543260885
-5.997237306801764
-5.984356779497531
-5.991187111035748
-5.98978396924089
-5.992695747117384
-5.989151003711414
-5.990372353036043
-5.979098782700672
-5.995232713716121
-6.010161682104435
-5.998462667438186
-5.99950565379404
-5.992499533273792
-5.99799672428933
-5.988641422957745
-6.007043901483829
-5.993994707144545
-5.990121784948272
-6.004735974694803
-5.99331683161008
-5.992329585961796
-5.999837994667826
-5.994048015734847
-5.99528283877634
-5.997168772262251
-6.003324737059546
-5.987889084366498
-5.999038594877634
-5.992859674446233
-5.984951458645503
-6.000705794561621
-5.976770544165981
-5.987953407009746
-5.986993749696492
-5.99328817076991
-5.972856656757785
-6.004193286406229
-5.994834017926981
-5.993021817263823
-5.992496799389847
-5.985139182402659
-6.000751038570157
-5.988569438311044
-5.987721983943576
-5.972428089394352
-5.988058844229579
-5.985382229388225
-5.994947689592125
-5.991375922102324
-5.992605824969282
-6.005729380633989
-5.991289210861307
-5.983229758186501
-5.99998212317356
-5.989135944179257
-5.989286789993692
-5.981007395189749
-5.977218419320116
-6.001766394151491
-5.991025689482161
-5.993978284612932
-6.008793482849433
-5.979865500954708
-5.98077987618025
-6.012163533211798
-5.982217214864698
-6.005409201740618
-5.993963579212402
-5.994291497352092
-6.005109407618803
-5.999187076202714
-6.003103714890571
-5.979575792933186
-5.973772580129904
-5.989811218141526
-5.993059297317518
-5.976635496814771
-5.995541546893125
-5.994174417308527
-5.986500005861006
-5.996910056718462
-5.97745058529776
-5.993581800473607
-5.98969959867581
-5.98243739424961
-5.988369948132005
-5.990973119379641
-5.995275202110981
-5.993106161736586
-5.999828912487223
-6.002586819549149
-5.99782276729254
-5.999123289884305
-5.980962447587155
-5.999612476351867
-5.993367232838951
-6.001617520816328
-5.976943092122031
-5.983511130568257
-5.984943144356844
-5.976205441932942
-5.994265864941688
-5.98772395789459
-5.987498365174584
-5.99586320453505
-5.977901659154956
-5.992532116649627
-5.979871099131423
-5.995332549910887
-5.999316021426596
-5.983531868974309
-6.001217082913457
-5.996091583779868
-5.983870898411557
-6.004597205539648
-5.996145718387008
-5.997660672702123
-6.006868952532668
-5.999588705728005
-5.990429780164019
-5.987287443459063
-6.00228160731224
-5.991942688930868
-5.991618335528932
-6.005898406280505
-5.985322064161771
-5.986233393970672
-5.985623187727517
-5.988964707772273
-6.009261401465266
-5.990376333165659
-5.989064915389218
-5.996272826605553
-5.997587060356364
-5.97435704376088
-5.995286761492616
-5.987556484603009
-6.007535844624507
-5.999430697641409
-6.004682438795008
-5.990875286209997
-5.999312250935291
-5.978559872176391
-5.967766345181947
-5.995475776022227
-5.990314641101912
-5.990046326693419
-6.000168350699418
-5.97323820893693
-5.990451942874104
-5.994168210483251
-5.99350722070769
-6.000972630640605
-5.995273220110401
-5.992961157497898
-5.990555792474495
-5.994810388421175
-5.999441225844837
-5.987598325188965
-5.999587457529316
-5.981966823414107
-5.981874718018821
-5.985506335238486
-5.983675201539174
-5.993815066080107
-5.961630231788237
-5.999324343689172
-5.988217675430708
-5.986538938511816
-5.995367905020985
-5.982340555717387
-5.996688110069107
-5.982950803241161
-5.983981365131831
-6.009321269892919
-6.007963075298917
-5.984749540587931
-5.985068059636664
-5.992733604025969
-5.989920838444598
-5.990568705502178
-5.987200494254346
-6.010142543615537
-6.004588177620882
-5.993670976852925
-5.979303416791525
-5.966991202042605
-5.999992009998389
-5.975195127479089
-5.995218621521526
-6.003951040147807
-5.994935659876
-5.977144962966433
-6.002410434534123
-5.995102988262002
-5.99010786019803
-5.987276502147386
-5.989680060500854
-5.981413287061613
-5.995668366754153
-5.967606726646679
-5.99991932988605
-5.9914955495023
-5.995315457380662
-5.994984132591937
-5.998397134177117
-5.985472687685884
-5.98842650045724
-6.003229905996123
-6.006556121288211
-5.99524231539006
-5.994364484163794
-5.981693619766687
-5.995490545482664
-5.987724207172725
-5.979503553443305
-5.9896888270771
-5.987402422983026
-5.981149280836573
-5.979561124567924
-5.987858725400232
-6.004211436272465
-5.988647213848388
-5.984000089260324
-5.998508870797295
-5.99987637033866
-5.99410285705257
-6.000869332167045
-6.012714988707621
-5.997133162201583
-5.972096382094171
-5.990728688342965
-5.983047301166851
-6.001456668078544
-5.992055439999133
-6.000032840750358
-5.990331225036206
-5.996947517357092
-5.99764545545312
-5.982897578820383
-5.990798297266752
-5.996188104898041
-5.996651896303432
-5.996627557276771
-5.984898450887469
-5.992320031545847
-5.985724314412639
-5.991956877834518
-6.002576774452391
-6.003285267491972
-5.991523531397844
-5.97389472074781
-5.986061388457553
-5.993754144483098
-5.981075384129229
-5.984200254972637
-6.005316486722972
-5.973622575446088
-5.986202505573536
-5.988638206144861
-5.989755774614674
-5.98236451908666
-5.995790257312529
-5.990342796279819
-5.995000085969389
-6.001728989288896
-5.987814894585993
-5.991399335498289
-5.989882850486293
-5.98322334908729
-5.988690176755637
-6.003990143959925
-5.990571651727954
-6.002724378006959
-6.003249534970761
-5.98258924038009
-6.002268936976351
-5.994597331594491
-5.979941839355054
-5.993376715747577
-5.994941937039421
-5.991663490459321
-5.998579888926927
-5.989147093051471
-6.011201068918308
-5.986490390532141
-5.981445225699531
-5.983454177056202
-5.987631803345333
-5.998780879137963
-5.996515630095443
-5.987430278449504
-5.994225408115329
-5.980934373519291
-5.996289390142576
-5.997256352890586
-6.008249505871179
-5.978220744511884
-5.992974245002508
-5.991437772628112
-5.982066283307629
-5.981184842670947
-5.999850616427895
-6.001939819277758
-5.995627572021626
-5.977109406981932
-5.994016959921283
-5.996493955691991
-5.99865888627949
-5.991510972212064
-5.982453223037917
-5.992887493229185
-5.998110759340058
-5.986651794748789
-5.995396081528345
-5.994882662697515
-5.992243005834722
-5.999435659598152
-5.982377682204782
-6.000699658961787
-5.981942206806616
-5.999256591745726
-5.978748306759467
-5.993037311734857
-5.989759461828728
-5.989590659012651
-5.995018776061151
-5.999013992741687
-5.983850131498298
-5.973499409969642
-6.001704167939351
-5.991210962257721
-5.987407142820219
-6.004429741347909
-5.991896681264498
-5.979011199494758
-5.99543827401388
-5.998009063529438
-5.975442647123064
-5.979925463800365
-6.001903567175941
-5.994092578863617
-5.981647851285939
-5.989341753555323
-5.984114188049872
-5.997526061845349
-6.002708524030142
-5.997853928712901
-5.983667813341787
-5.983512788056158
-5.980732347928689
-5.983098596372173
-5.99316966360699
-5.988928569371141
-5.989131358397258
-5.976350508892467
-5.989888225058517
-5.978729956089085
-5.986959337796909
-5.983290360430955
-5.978722279440499
-5.987851168660371
-6.001665292643475
-5.986981040550331
-5.992349363310575
-5.991292602437089
-5.99388578706304
-6.004535966665839
-5.976025034413198
-5.975516425101034
-6.00440287629907
-5.98499818261773
-5.993622216187278
-5.997003879012127
-5.993507327336634
-5.994378954751975
-5.99796386750446
-5.980076519769749
-5.982643738081544
-5.986496268661534
-5.991337599704764
-6.005064801541504
-6.002488647057533
-6.003090633524089
-5.979805986298303
-5.977692486181759
-5.979116681526104
-6.010053579324481
-5.992571213977687
-5.996051666055409
-5.970456711286755
-5.999252945478196
-5.994778451566324
-5.982147404448749
-6.011974557426847
-5.976554251892081
-5.980011492724189
-5.979270172726175
-5.99575646833448
-5.984217984469337
-5.997461017630902
-6.008465819777689
-5.989874525274391
-5.984554100230314
-5.997258805453317
-5.993692484532382
-5.996029940965111
-5.989088593279301
-5.972925086085955
-5.982746716972072
-6.000905403684555
-5.980411715721482
-5.996395838353346
-6.003804541597
-5.982720999308554
-5.996159861033593
-5.981379419346529
-5.984846420284968
-5.989615195881862
-5.986196549029995
-5.995014394149864
-5.997021248546633
-5.990397427030139
-5.980192005889202
-5.994344933012382
-5.97007021545212
-5.996792703335188
-5.995116177292406
-6.000709033031054
-6.000020241349138
-5.998884702816171
-5.991291841930647
-5.988284629563534
-6.001111542629837
-5.991487571962975
-6.005701161069805
-5.98946383252349
-5.994846857055387
-6.003345132694884
-5.985479132759526
-5.989999696891538
-5.987608324961699
-5.991172469581577
-5.996343631448299
-5.984226655469929
-5.974287965387321
-5.993971672293008
-5.992566229234562
-5.992148114332863
-6.00791380003311
-5.999002291927376
-5.977835365873678
-5.999016406129367
-5.995416472854544
-5.993834569082362
-5.977332390983827
-6.006583703158124
-6.000145435411232
-5.975107230625219
-5.99267172710361
-5.984458458616898
-6.000538980835614
-5.988667609837729
-5.989514829425979
-5.974544996180962
-5.996158239631309
-5.991668678908416
-5.9847360632223
-5.989685618030968
-6.003133555242934
-5.999679755692893
-5.989270497478789
-6.001950569563484
-5.984359281481248
-5.986833197610948
-5.985354673468548
-5.997071854150072
-5.997182461983041
-5.986114789945699
-5.997229937445444
-5.981673973897125
-5.991822198992589
-5.989371985011607
-5.991165603984779
-5.996646018687492
-5.989762538828154
-5.980444804842451
-6.003894313979133
-5.993582791440244
-5.997900682935769
-5.977784473870824
-5.984231305414103
-5.988295101305768
-5.991092623674746
-5.999136136751934
-5.99076138597963
-5.986843967430308
-5.983815482214478
-5.982742051506773
-5.978661407654051
-5.979145927913405
-5.991222987036174
-6.010616072982279
-5.975769196201501
-5.987921010393609
-5.983296729804993
-5.996432343097172
-5.99361020472111
-5.979139317678658
-6.003491878556502
-6.004832059389877
-5.99033570312922
-5.984376301759073
-5.988619153660146
-6.000885416243062
-5.998942085730436
-5.999818348083784
-5.997613089773115
-5.993847246999541
-5.991079596922176
-6.004405967215757
-6.003062937665663
-5.992950440272436
-5.99242884230194
-5.994164873832158
-5.989551281300439
-5.992070757812253
-5.989772954895745
-5.986121738414544
-6.004728099387806
-5.991384523689847
-5.991188208644119
-5.996489421437392
-5.999241397410477
-5.996529184059056
-6.000409160258458
-5.994992783277578
-5.989678918045346
-5.985029954415735
-5.986016755624513
-6.003177361087015
-5.998887436766711
-5.97131598169569
-5.995070280792675
-5.993055441186038
-5.99264061689706
-5.992723103178784
-5.994837526034033
-5.997912041751457
-5.988690581798561
-5.989574823078948
-5.987847680279539
-5.988859214233522
-5.997356212995765
-6.000050353936114
-5.993593522894164
-5.986483494364163
-5.987895683099849
-5.991775055905617
-6.009458374307089
-5.990633915685598
-6.003448584421538
-6.016908440254169
-5.980873065449147
-5.992351602128957
-5.979738293385704
-5.994528135180819
-5.997136258325996
-5.987825107609203
-5.982920518064408
-5.996707831249882
-5.996580838232369
-6.002386210090244
-6.003725867863888
-5.992902723149148
-6.000733815395306
-5.99001813080353
-6.005756931193724
-5.997130061870168
-6.001505839953557
-6.011691279062694
-5.98473119033137
-5.990459480222469
-5.987886715721269
-5.985784035439572
-5.985750040542823
-5.979773056174234
-5.990389425057481
-5.988958845564199
-5.98546988349996
-6.000387781630236
-5.987269186631807
-5.984004404819653
-5.981706437267894
-5.993566419993227
-5.983374397952334
-5.993972416807735
-5.973477389037312
-5.979332830403436
-5.984162142567926
-5.985691651143756
-5.987665343804101
-5.983152161167662
-5.992601097037562
-5.985575671111738
-5.990919790426415
-5.986607277264361
-5.982142892827507
-5.991125995611402
-6.000361384056828
-5.99473898245138
-5.990393941190009
-5.983734860278583
-5.996630994111732
-5.984409809064271
-6.002555075346491
-5.993468591562029
-5.99565366702212
-5.98268627596637
-5.990414493643904
-5.995754680789821
-5.995080139647709
-6.007379198646265
-5.978016132836362
-5.99476165822813
-5.995858111147972
-5.999317741894505
-5.991444564380371
-5.998035140797727
-5.978615493559371
-5.99399946115452
-5.984024087386217
-5.98312458459547
-5.977707082665084
-5.999460507594106
-6.002152567302136
-5.986907314800538
-5.994822443025411
-5.989952627601991
-5.986548483542631
-5.993974754779304
-6.000225876211034
-5.99462896270907
-5.980769719416221
-5.973553666312928
-6.001042814082657
-5.985261813207998
-5.994290991525245
-5.979156993751205
-5.979438520366157
-5.987012467755234
-5.985993419333517
-5.993510701180816
-5.985342005475276
-6.016776392184075
-5.982401373690445
-6.002349053244743
-5.992119015712766
-5.991860717650611
-5.997528087223111
-5.977678584805904
-5.990692195639491
-5.999448147052274
-5.986841133905719
-5.978765459114735
-5.992935147938802
-5.989950645156611
-5.980522358503807
-5.991633620579202
-6.004003695559822
-5.978149067656438
-5.988974607132253
-5.999620547858948
-6.006797527710319
-6.000871446325619
-5.99820003490712
-5.998472424129546
-5.987654373150852
-6.004159726049961
-5.984442308179461
-5.982265066799807
-6.003533383130362
-5.994878865207149
-5.984779460280702
-5.989446564797962
-6.004268151572902
-5.990245132950549
-5.984444095719768
-5.974319803191935
-5.996075448313795
-5.993851577103794
-5.981097146905327
-5.999713079066876
-6.008509157881949
-5.983130466653525
-6.000549695093913
-5.994827428220026
-5.984470447014146
-6.009667942144025
-5.98616558240762
-5.990203929023685
-5.98060410183502
-5.997278353410225
-6.002260997030481
-6.005961242041943
-6.014184445847197
-6.003025402656357
-5.99672378910321
-5.987262599794824
-6.002496358615915
-5.98458865649687
-5.997893016607337
-5.990584320478881
-5.999939985219259
-5.995752093869648
-5.992414178494077
-5.993776954414755
-5.990183299458019
-5.985326598000576
-5.973453670536525
-5.981083578913333
-5.990804041615475
-5.99341588665213
-6.003951763427811
-6.00036533962979
-5.994741734739867
-5.985560241872657
-5.995326811892795
-5.985218596133212
-5.982317778204279
-6.006405458528619
-5.984685569952667
-5.990276919087854
-5.990567856182489
-5.991674242873622
-5.995616006768989
-5.998720055638383
-5.975912522059642
-5.98631483476199
-5.989984417078302
-5.982888799118204
-5.999480193831009
-5.986292057138624
-6.009832184933224
-5.987596684232812
-5.988697358340857
-5.985548238679397
-5.988096518738125
-5.981017087033614
-6.000736593175056
-5.986216056385662
-5.982783882864394
-5.988271412765357
-5.985828932586643
-5.992028784693467
-5.97759940034451
-5.989191690165731
-5.977544650098118
-5.989179194864363
-5.998108819813452
-5.996428738159612
-6.001358603122371
-5.983984862771424
-5.987758937868425
-5.989567074151345
-5.992446536965436
-5.980765342604563
-5.99508167349546
-5.982664605923485
-5.985638497350386
-5.991209012387355
-5.987852966108949
-5.992842403051433
-6.003484596608926
-5.994197571065562
-6.003216091549301
-5.985062661383362
-5.970864546436582
-5.997121503288763
-5.981094595010572
-5.975114402916612
-5.997244908049884
-5.994500152529328
-5.995359991454309
-5.98396165359422
-6.01038792888409
-5.986833323905131
-5.997299619429571
-5.975327623431297
-5.990498652335191
-5.987661299365174
-5.999643398387912
-5.991029334750554
-6.000001043012103
-5.996087867977264
-5.987668383770494
-5.988595584848555
-5.992360991486514
-5.997411250728859
-5.979189766101218
-5.986471603261609
-5.999013950573241
-5.98847609247034
-6.002638422225874
-5.979568860110722
-5.989784602983985
-5.993219901694114
-5.99755701432191
-5.982295332825318
-5.998186178672978
-5.990930710649561
-5.988554216785476
-5.996021251613207
-5.999759856890898
-5.988492046404129
-5.996814952176396
-5.979396258113059
-5.994170190925511
-5.975642113201876
-6.000116157190357
-6.007087432733496
-5.993048927356321
-5.994943238780714
-5.980721491607681
-5.999435842303516
-5.993982766139622
-5.982794254323319
-5.997850831671552
-5.98073784574394
-5.997857018364972
-5.996009927684593
-5.988544265376842
-5.980876850703177
-5.982559483579281
-5.987073166803899
-6.00367046370256
-6.001003728231264
-5.997042958736456
-5.983530858194612
-5.979702927875992
-5.983251934694025
-5.991989778186381
-5.993486865685012
-5.994195881176809
-5.994596962313146
-6.000763559903581
-5.992195687431678
-5.989703503106786
-5.998226845342737
-5.990690981458096
-5.985323797100875
-5.998140576401936
-5.980060731688718
-6.002810491522997
-6.000446468754213
-5.992076211514261
-5.995665132699692
-5.993203755654271
-5.988097555941724
-5.987822699693063
-5.992227613042022
-5.988403200408149
-5.990059932834948
-5.991007685668405
-5.978640119032812
-5.99132394051557
-5.989637200639819
-5.992472655106959
-5.989913148531352
-5.99699975012442
-5.969637439827841
-5.98120568381283
-6.000240796747355
-5.987550788010954
-5.987494323736795
-5.998429878997379
-5.997764102250486
-6.004993476692423
-5.998500185574077
-5.993364377582032
-5.984844132494291
-6.012490335721417
-5.999844416526438
-5.983197925120941
-5.993537526862633
-5.995010250121681
-5.977383975128719
-5.992637390677555
-5.977504114203597
-6.005414000152872
-5.983871054098396
-5.987502178689398
-5.996446987748221
-5.999400484794326
-5.99053287182796
-5.990854141469687
-5.987492394714225
-5.988720343351603
-5.97208598272274
-5.99942459773751
-5.984186126849192
-5.966444145639871
-6.000860205253797
-6.013104071296882
-5.98826572003672
-6.007164816198216
-5.990657251579406
-6.007564941173898
-6.006308615780931
-5.981076357733513
-6.008918201474367
-5.995617916258388
-5.999100713869227
-5.993478972891037
-5.985472729567313
-5.997759023281361
-5.987415945210884
-6.001444137454026
-5.993886079004215
-5.9820299215849
-5.987385315932154
-5.983454337449603
-5.993505850907887
-6.00527303501354
-5.983339447705505
-5.99620161364649
-5.981158720882902
-5.991904958962358
-5.995090535502608
-6.005292337960205
-5.990311267393833
-5.993265175184633
-5.986697860503269
-5.983662996240314
-6.003551447153386
-5.97496158584947
-5.983840959863742
-6.016387521413021
-6.004495615716591
-5.993570350034226
-5.997182888081829
-5.992225089483507
-5.996024158135729
-5.991936747845586
-5.986279513931269
-5.974997096848679
-6.00263790281861
-5.984401833216255
-5.991781374245869
-5.977446065210693
-5.995098521203596
-5.991963011803223
-5.969942916006674
-5.987945833520528
-5.999286342009306
-5.985055557342008
-6.001584286064958
-5.979544979353181
-5.981623023080398
-5.98411952227053
-6.001361847177498
-5.993747888378801
-5.992774523409198
-6.007986419968883
-5.979786888087068
-5.991849586600472
-5.970893141951305
-5.998494634450398
-5.976631124403685
-5.985073493498374
-5.996874861153592
-6.013653416986772
-6.006804050627149
-5.99122709297828
-5.982505784618251
-5.997140695840015
-5.995105776877275
-5.992751442281591
-5.979995884736982
-5.980490602687892
-6.012501734407817
-5.984432126824371
-5.981381388254158
-5.994377183390032
-6.002427725893285
-5.995479033669014
-5.992131226228617
-5.99688354525717
-5.985176611212098
-5.990678259632309
-5.991175619002428
-5.982907659283978
-5.996880652003564
-5.984072089479853
-5.989934170848811
-5.982001101301657
-5.973282638237613
-6.001520714333333
-5.987947218290328
-6.005764287221227
-5.999041798678002
-5.992419838387387
-5.995596644624285
-5.985705295776472
-5.994827839204603
-5.976874456038171
-5.992477438672535
-5.999929061344305
-5.983521749746645
-6.00443090301085
-5.979279003454171
-5.984230381423052
-5.979125258440365
-5.975605056921302
-6.00168454096706
-5.990816731925114
-5.993597253285056
-5.99204038100622
-5.967152640599141
-5.984190685056504
-5.987805403460039
-6.002277895198885
-5.995957905997913
-5.994151601842863
-5.983355058440581
-6.007759588528323
-5.988235073040753
-6.005547248346975
-5.986300637883173
-5.997906474367841
-5.999682068899006
-6.004354195373492
-5.978314821324172
-5.985875600998559
-5.991812827807862
-6.006872259743629
-5.988457877201886
-6.0033323513184
-5.987129578721104
-6.001273271743925
-5.982350674910107
-5.994351045700951
-5.990630495490778
-5.971635336234087
-5.993377335901512
-6.007978061913401
-5.979848100091075
-6.002531053794472
-5.977987582809918
-5.982435701780843
-5.99733623614912
-5.99444908606497
-5.999205044417958
-5.991639483647534
-6.000585680529883
-6.00364433905788
-5.990586003483651
-5.988024739513224
-5.999219797171901
-6.006387671958275
-5.992478135960787
-5.987559880227125
-5.996656891837858
-5.996380376620459
-6.000067737542499
-5.993391760641612
-6.006269626762608
-6.000129616561295
-5.990293836991085
-5.976081337249978
-5.995060168311663
-5.991624613655691
-5.984848773906851
-5.988969645111923
-5.998905065290606
-5.984038652481098
-5.983050003989224
-6.003951227148718
-6.000178614261816
-6.016864911510459
-5.997342854182547
-5.987698126836286
-6.002044256809112
-6.00511925857235
-6.002534155980287
-5.976969957143456
-5.993609579985491
-5.997822908920396
-5.999829659948524
-5.980762024776728
-5.993770015775494
-5.980498564742471
-5.986227289071307
-5.990086738804093
-5.980999255569092
-5.994831436410266
-5.986999622937573
-5.991277001633802
-6.005596207092141
-5.98637471522466
-5.99111802253903
-5.997986987264432
-5.993522623890435
-5.99363037140315
-5.988322654862985
-5.997984799647419
-5.980098944714475
-6.011501652692475
-6.011604470664246
-5.984132201887413
-5.984983228734372
-5.994690757693042
-5.992020966755256
-5.984426311591246
-5.997427796851563
-5.993765817128374
-6.000828297095621
-5.978284352351899
-5.989337961435329
-5.988780882268376
-5.987032521190772
-5.990612416083325
-5.983671388249109
-5.994378800360312
-5.999000092602113
-5.990941878576182
-5.992266100643086
-5.994469529496237
-5.976974311830769
-5.993062080034627
-5.969499262226853
-5.99713967334943
-5.984681009622156
-5.986974819926234
-5.99478372463755
-5.994010719354797
-5.996526210635619
-5.999378094803824
-6.003161707404325
-5.993276793639932
-5.97640176557793
-5.993854868202283
-5.983481574274804
-5.97929660099781
-5.985078506639923
-5.98188638197675
-5.992208865699583
-5.995020269821557
-5.986876338303371
-5.990039399010614
-5.984137011488725
-5.997014157502557
-5.994509296188794
-5.994228435826027
-5.997820424539602
-5.993428017933266
-5.994852505683157
-5.985570127092687
-5.987188543875305
-5.982136783532781
-5.993705883729612
-5.9871150165074
-6.009884521797242
-5.983139223625845
-5.990207381147267
-6.008041665821242
-5.977482899725701
-5.987249719726685
-5.994242424252352
-5.986177083535062
-5.981490694098921
-5.983729988937666
-5.98603296732718
-5.996372358083636
-5.985819970704036
-5.993955872357382
-5.98066874210827
-6.005214827279705
-6.003424321658276
-5.987774808766834
-5.990795395109028
-6.001199923257729
-5.997034532820641
-5.993618721129406
-5.993718697116515
-5.992360098877199
-5.983958334303145
-5.995344665796714
-5.982494199132803
-6.002163886266819
-5.986590083302464
-5.980109334964093
-5.981401267411969
-5.986925189565611
-5.988894927018033
-6.002372124239931
-5.996334360304836
-6.002006797056496
-5.994653755862202
-5.989823699265706
-5.998235064548832
-5.980491735653588
-5.981472812075941
-6.004820795483274
-5.980893169004028
-5.987466098105311
-5.991725679103721
-6.001933565295536
-5.987373668530179
-6.003699117904188
-5.99684820235609
-5.990522515125448
-5.987955510222161
-6.00214307038798
-5.99963827827691
-6.000385796433508
-5.992823561567439
-5.990767822949716
-6.000841717741316
-5.994486111785808
-6.002055562135282
-5.968922405525405
-5.998339562561172
-5.990235189753673
-5.997588656314587
-5.993948637065643
-5.993060864505743
-5.999694669744493
-5.985590884517793
-5.986149713909835
-6.006068163635942
-5.996902529919179
-5.992966170638408
-5.992374010013283
-6.000558053599282
-5.983862954711347
-6.003170753097764
-5.986095407515496
-5.978942270576416
-5.97760168575094
-5.966332037091476
-5.982614498584355
-5.993257966138365
-5.99962657660693
-5.988844711208987
-5.982351390854041
-6.002136208797276
-5.998292094183935
-6.005181442009928
-5.997846237616558
-5.999898774069891
-5.983653933632739
-5.991512059248638
-5.988255594455218
-6.005537368116702
-5.974758724081206
-5.994548393579641
-5.997892114134845
-5.971017048272851
-5.988794831265984
-6.002368052143113
-5.99597869727004
-5.994964462507733
-5.982574653894035
-5.985655930075644
-5.991681664102495
-5.98765777672934
-5.995190890043258
-5.992536762874806
-5.971510549805624
-6.00002790468441
-5.980614055391199
-5.982902967129303
-5.983897662910806
-5.972481241877026
-6.003425398334689
-6.000410617867349
-5.995118066683784
-5.974505031668441
-5.989605651151268
-5.978510242259379
-5.973272641259044
-5.983185116101869
-5.986251884371353
-5.996575432768303
-5.993554758511147
-5.987819984312797
-5.998109939785405
-6.002973536929249
-5.988591234361258
-5.994001556048516
-5.989765972743934
-5.983607089354863
-5.991294252348217
-5.983241234509687
-5.980364711731051
-5.99771878649759
-5.987780712780462
-5.973258643982342
-5.981521528151105
-5.973916039071458
-5.969051293788187
-5.999098875409826
-5.997010334641809
-5.995502482624604
-5.988365667364277
-5.983908893599455
-5.98483353738055
-5.992545266743698
-5.976535316280299
-5.991903054703487
-5.996779340970248
-5.992700657686192
-5.990424931777018
-5.986432136081978
-5.99521502996023
-5.985578782370772
-5.984374995081528
-5.999085705235477
-5.996469201775254
-5.980852340232971
-5.994764478545354
-5.991792905439924
-5.981388711897488
-5.990683715740014
-6.01358686091307
-5.995639565157767
-5.988612049588012
-5.997645607229813
-5.999848889836798
-5.99476886759288
-5.997588965747784
-5.982140184140187
-5.996372859486875
-5.990061404684682
-5.990537909169245
-6.002498502772307
-5.995914823392506
-5.989109024808742
-5.987676983339988
-5.984967663462649
-5.987787024537262
-6.003254447140637
-5.993888200817762
-5.990415776180527
-5.988958592083843
-5.993328343349654
-5.984287079726966
-5.991103619557281
-6.000085687973563
-6.000522415561981
-5.990758283828731
-6.003197665278559
-6.004414675873775
-6.010875763918234
-5.990854415266634
-5.983656402753899
-5.980490209117109
-5.986979542740855
-5.988490373305383
-5.985464688989948
-5.996330592029277
-5.992929608609755
-5.981230675131792
-5.983102474377305
-5.992484014068139
-5.995088495306846
-5.990688813897991
-5.979510627190477
-5.971738395881935
-5.979456859352691
-5.977046246223654
-5.99418975518661
-5.991844734423933
-5.985785566259372
-5.999021658409418
-5.996483636045244
-5.991218811597888
-5.984919779687169
-5.998216998531299
-5.993095129875202
-5.998211425068503
-5.990644078902038
-5.988048930944659
-6.0022155503934
-5.980357793280248
-5.98481299208433
-5.990336988575672
-5.976675991059979
-5.9809490202329
-5.994798746054721
-5.98980230514532
-5.979179016473869
-5.979400778360167
-5.988224631598293
-5.985284643264504
-5.980384785781144
-6.000220602257062
-5.974616663426556
-6.002431807214642
-5.991451240208057
-6.006749321829116
-5.983406179569945
-5.979183533559036
-5.986956959142364
-6.003444182420919
-5.995721624083377
-5.982994155853788
-5.984350627447514
-5.997720483307823
-6.000637510437984
-5.993671598987682
-5.972516092322786
-5.987627993340444
-6.002592140401498
-5.986677881018953
-6.002934483274969
-6.001496001463655
-5.996328168386904
-5.988194388225557
-5.994831326416337
-6.010650803939121
-5.995814463172833
-5.985919732835482
-5.995182405464396
-5.988028308120044
-6.008463310688477
-5.992828929779984
-5.993687046375509
-5.974881848137028
-5.995868486666796
-6.00152846005232
-6.006504304063441
-5.995740200918115
-5.993279986154419
-6.004075391206332
-5.992884761602951
-5.990994113256647
-5.993539581977652
-5.988653950345398
-5.984449199198411
-6.000315956439689
-5.97913234055546
-5.988659816805173
-5.998786469896201
-5.992622787423867
-6.001646105930386
-5.985973114325393
-5.989467646135316
-5.974429766925595
