-398.2965066311637    -399.6745738789061    -400.657220143195
-398.2958475312287    -399.6391795321821    -400.5965134211835
-398.2964118858874    -399.6453154176797    -400.6644166786852
-398.2958476554634    -399.7402829741586    -400.7047976464399
-398.2970005380546    -399.7419091716068    -400.7646693795976
-398.2958958900364    -399.7097261318876    -400.6877545146206
-398.2955136601204    -399.7936036150201    -400.7490900571608
-398.2962298016381    -399.7336149628076    -400.7097363582167
-398.2955795634885    -399.6388729773861    -400.6284014713158
-398.2950502382619    -399.7871977511272    -400.7627932003976
-398.2968460660391    -399.6960764498732    -400.7929836894641
-398.2972491006196    -399.7053792396551    -400.7609151935424
-398.2954395667349    -399.7046804858273    -400.7115448510872
-398.2955926174199    -399.5971428756305    -400.5023652444822
-398.295395834577    -399.7010997367032    -400.7051928049813
-398.2955114016526    -399.7136256957539    -400.8132273387087
-398.2958430795697    -399.6162384563698    -400.6016401017117
-398.2957625275705    -399.730036485917    -400.6525546912236
-398.2950757835428    -399.5658978801482    -400.5100565175237
-398.2967492435719    -399.626913340206    -400.6647646279186
-398.2972455976844    -399.7906043922017    -400.8497469983496
-398.2957435857419    -399.7381489329653    -400.6650885058893
-398.2960868580261    -399.7201624762995    -400.6978019098742
-398.2958571639675    -399.6545864435815    -400.6547534711779
