-403.1163839398582    -403.5892530667795    -405.5051742622935
-403.114761598489    -403.6690291350725    -405.8493272520541
-403.1150638123031    -403.665787848188    -405.672034453553
-403.1150130502147    -403.695388609735    -405.433703295911
-403.1164503821346    -403.6481036410496    -405.7851511300162
-403.1177939694057    -403.7486091844391    -405.2547447133901
-403.1147912933505    -403.7083665324074    -405.5851987041854
-403.1142166950788    -403.7411916770933    -405.5010849860755
-403.1156252295107    -403.6495709316857    -405.4456249971589
-403.11558105134    -403.6334251254517    -405.7230857808772
-403.1152507300266    -403.7427017999282    -405.7497768042596
-403.1161831955733    -403.6965930593794    -405.6739901009378
-403.1174801807405    -403.6144279824061    -405.4214896993293
-403.1186049442767    -403.614404141725    -405.6242336220175
-403.1145140769346    -403.6214346772833    -405.4241290102819
-403.1167273962    -403.5894157055399    -405.6933560144547
-403.1166481175237    -403.6328524597296    -405.4963119157354
-403.1174916098102    -403.7582915282597    -405.8634414102645
-403.1166463581487    -403.5406113932987    -405.4002578173497
-403.1149720438824    -403.7246371443497    -405.7819035780507
-403.1161253650034    -403.7411344904991    -405.4380441659118
-403.1154651241095    -403.5922340890048    -405.6203820444565
-403.1164783124539    -403.6548665774899    -405.5290699802451
-403.1162637933816    -403.7022178678774    -405.6832380248772
-403.112897532349    -403.7178495932175    -405.8569198786848
-403.1147693434711    -403.8031811054303    -405.4830529324982
-403.1151861659739    -403.7026435326504    -405.2761952168806
-403.1150485777324    -403.6303210773479    -405.492651522526
-403.1153163130665    -403.6547530496247    -405.5624053617437
-403.1158334766059    -403.6197084415786    -405.631365469374
-403.1168269328156    -403.7581974342283    -405.6880959504657
-403.1170508717344    -403.7257652254947    -405.5879192456378
