       11853.595     -275.033      5.06208
       11854.601     -267.986      5.69349
       11856.598     -262.527      5.18159
       12012.028      196.473      5.68256
       12014.001      204.263      5.81754
       12044.920      216.086      4.65993
       12045.972      213.769      4.87931
       12046.949      208.026      5.31811
       12048.896      206.481      5.53569
       12079.895      148.714      5.30843
       12080.876      127.517      4.96966
       12081.891      127.122      5.11903
       12082.900      120.098      4.64005
       12083.801      126.995      4.50154
       12098.860      67.0232      4.96247
       12100.846      66.9996      4.48872
       12106.874      40.3203      5.71635
       12109.844      36.5575      4.76899
       12124.806     -14.4787      4.59029
       12125.794     -11.9580      4.70001
       12156.675     -124.045      4.27847
       12163.736     -139.704      4.89104
       12165.692     -156.699      5.18636
       12166.657     -157.299      4.37399
       12175.668     -174.319      4.37828
       12192.623     -217.805      4.09309
       12194.646     -226.345      5.55162
       12205.607     -234.936      5.25962
       12206.610     -231.625      5.18321
       12207.592     -239.280      5.44202
       12222.586     -256.478      5.14665
       12308.077     -291.865      5.51915
       12337.079     -241.026      5.55816
       12362.961     -195.145      5.18480
       12363.987     -186.855      5.42331
       12383.993     -139.752      5.60604
       12384.979     -124.215      5.88522
       12394.967     -102.801      6.01011
       12412.826     -56.7371      5.55151
       12423.900      1.32147      6.06840
       12425.901      13.6221      5.61088
       12437.870      30.3145      5.77700
       12438.821      35.7770      5.66360
       12452.913      96.3363      5.90923
       12454.847      111.906      5.64740
       12464.877      141.695      5.40232
       12472.845      157.208      5.67670
       12483.816      226.042      5.35730
       12484.767      228.106      6.11438
       12494.830      251.032      6.30601
       12495.757      248.776      5.71479
       12496.825      253.838      5.43716
       12505.795      293.618      5.22123
       12517.749      312.175      5.93535
       12519.738      309.711      4.93799
       12529.758      344.718      6.06816
       12530.675      355.001      4.02371
       12531.737      356.971      5.65634
       12532.720      362.490      5.40679
       12533.669      350.803      5.27139
       12541.698      365.514      5.18126
       12542.697      388.426      5.75341
       12543.678      375.398      5.74336
       12560.663      357.909      5.34179
       12571.631      361.951      5.50563
       12572.610      369.332      5.52275
       12573.640      357.003      6.55661
       12590.584      362.220      6.53889
       12707.065      3.49427      4.37157
       12718.044     -28.9404      4.51537
       12720.986     -28.3188      4.56953
       12765.953     -92.1338      6.21864
       12800.885     -126.627      5.31621
       12803.894     -113.148      5.10069
       12837.808     -101.455      6.24120
       12861.771     -68.6038      4.38479
       12862.770     -65.5162      4.97677
       12863.802     -62.3456      5.22987
       12879.776     -47.7256      4.65925
       12898.710      2.04431      4.93991
       12900.695     -1.18732      5.25764
       12932.634      83.4365      5.16952
       12934.630      87.0780      4.59703
       13093.021      491.588      6.35655
       13168.890      282.833      4.66118
       13232.768      31.5209      4.29124
       13265.682     -40.8085      4.38931
       13267.661     -59.8259      4.46160
       13286.637     -86.5247      4.34711
       13291.619     -101.169      3.76141
       13293.624     -100.792      3.83306
       13401.097     -103.604      8.32388
       13443.008     -79.1676      4.37784
       13445.050     -35.8235      8.77801
       13493.983      35.6668      4.88513
       13578.846      295.912      5.60045
       13613.703      308.180      4.84095
       13649.645      265.159      5.88124
       13654.615      246.123      4.54713
       13788.093     -217.085      5.19242
       13854.954     -331.714      4.54802
       13911.879     -332.473      8.14137
       13911.892     -340.518      4.34619
       13915.853     -335.383      4.25731
       13931.799     -333.674      4.79530
       13936.734     -345.122      7.79969
       13967.789     -263.463      4.44219
       13981.698     -234.452      4.38929
       14182.023      145.530      4.51793
       14226.985     -14.3999      4.84578
       14254.845     -148.520      4.17808
       14265.881     -187.428      4.30578
       14297.779     -278.485      4.42965
       14314.776     -313.003      4.84115
       14344.713     -386.701      4.63013
       14391.630     -421.799      8.12678
       14421.582     -429.884      5.32046
       14507.096     -296.543      5.14718
       14583.884     -74.3085      5.10185
       14600.885      4.38047      4.74024
       14645.846      118.079      5.13957
       14667.829      138.927      5.44448
       14683.737      148.802      4.64293
       14711.705      85.1636      4.79811
       14756.639     -56.3629      4.20760
       14911.981     -390.693      7.36291
       14979.970     -363.389      6.85178
       15026.775     -290.932      6.95318
       15063.780     -189.835      6.03074
       15098.699     -66.4469      6.44548
       15121.628      5.12481      6.95146
