289.146518703547	0.0118608527221159	4.15403079473306	0.131864890591816	1.70445470402105	175.782324890430	0.00192769823472410	3.90891595270133	0.205984475803196	1.76004365982752	-40.0999236178216	53.3996361725065	-481.519944040986
285.968498674207	0.0118528543601410	4.12786243886811	0.123212551325213	1.74012739405098	175.616509031992	0.00197624250769008	3.81768788427106	0.176659055943743	1.78452536487746	-37.8207211696231	38.3620878747327	-484.959341076635
289.266014210819	0.0118514170082443	4.15843657121305	0.127668232619512	1.71291287369269	177.195281326575	0.00193886158591195	3.82795397386783	0.203837207752656	1.82096575224101	-39.7051219587134	50.8527030855828	-480.428540082582
289.595797409749	0.0118640802065824	4.15880880051429	0.124668500234024	1.69397225518018	175.118078611112	0.00195109761716994	3.92896784212796	0.186350549690779	1.70394504444072	-40.1058644771878	48.9866675097418	-484.026032326284
288.486703700123	0.0118586786026512	4.09973364917848	0.128467532251687	1.75731562566891	174.617806760387	0.00195536873728968	3.88783129238163	0.192667697388961	1.73496116214903	-39.2245079636927	64.9498844704648	-478.993143529388
288.278250735729	0.0118627999793483	4.11125312078279	0.130265491171490	1.74703766807305	175.258799444003	0.00195533815887731	3.95312841437446	0.205816060453152	1.66540627310481	-36.8450243152755	64.5847588213977	-485.745874391970
287.352511424936	0.0118577837015651	4.11557782793368	0.137105644159369	1.74674002761529	175.032722407377	0.00197828024301851	3.79239520847333	0.176861333966615	1.81416754362609	-38.5997945589429	62.5051551605261	-481.017272712805
286.538923369282	0.0118461567074458	4.16279416216448	0.137959304248024	1.70323278791704	176.671227174524	0.00198056174665764	3.77350965190309	0.172975550275601	1.82168276036959	-38.7201538599756	68.8838633556691	-486.116003474364
287.522000333079	0.0118575658507780	4.17651548656663	0.131093031119819	1.68350014210781	177.905135698478	0.00193106612822636	3.90499817656866	0.215611614947737	1.75676027339172	-41.4309931132505	57.5008532440553	-481.983949830486
287.598575529837	0.0118507765985182	4.12098808493748	0.127639428238682	1.75081061794920	175.105047015557	0.00198150111771019	3.88673023039961	0.184272058111349	1.71358678061598	-38.2295208779835	54.6424631786251	-482.077319443189
287.959729218177	0.0118553565564010	4.18106524966704	0.133449893317074	1.68404627670102	173.954467250124	0.00193181945146862	3.92019460079229	0.197937366976735	1.74421487509267	-40.8016315859407	52.6770334201844	-482.506918772053
287.556711650676	0.0118513843314076	4.16738971450856	0.130633742438484	1.69783950135641	176.646726822165	0.00192499023165528	3.92914608779564	0.207117338199277	1.75161291583239	-41.7882964400221	52.1202486849407	-484.956573310026
288.498917370855	0.0118557352540705	4.14125709790747	0.125102426982769	1.71662242497750	175.322748929668	0.00195314573864513	3.86069602567255	0.201178145545472	1.78210548788141	-40.5839393017178	81.4473887051160	-483.056340333807
289.052460712459	0.0118502485785038	4.05511558068565	0.135955550073241	1.81171846430679	175.791709506876	0.00197785997005810	3.84858827048459	0.183036823478119	1.74808435622195	-37.2802689501243	73.7038538592804	-484.537405712926
289.577452481284	0.0118539894687395	4.18546551377584	0.123415177185035	1.67881197819850	177.631938077604	0.00194638214254819	3.87030636404461	0.212877569588441	1.77788605951240	-39.7585031663978	71.1102406742191	-483.216094201354
288.968444901531	0.0118476724768224	4.17126337964702	0.134020451005148	1.70034983602545	174.083737991306	0.00195986081778873	3.80834692244888	0.204039809469589	1.81247969786662	-39.2127254995182	66.5653131547214	-483.805180586464
288.364211024760	0.0118598063123239	4.11196752591831	0.121657236963953	1.74441051613197	173.957977936084	0.00196836024512163	3.80784159863757	0.188923269826509	1.79780590075857	-37.5959299829848	53.5542058381882	-483.587218304205
289.450068376913	0.0118554423055157	4.16115748317348	0.136338018602734	1.70168260976291	177.605558232610	0.00196375645239840	3.83861702057760	0.198948461089336	1.77116034103255	-38.3930668339751	71.5227431354575	-482.224823767020
288.146921519653	0.0118633361499496	4.10172493127427	0.138675064823648	1.74971449475429	176.431422003376	0.00194448988664853	3.83532087509848	0.197281255963488	1.80380132623890	-40.3552539018797	55.6893813232977	-482.483408363980
286.561285986132	0.0118592901342016	4.09044701793449	0.138827522821166	1.77119900473435	176.158281859898	0.00195693497843526	3.83015702462126	0.211007689919872	1.80140116473694	-38.7464901204724	60.5430683604426	-484.685533016723
287.000135509664	0.0118458000516148	4.10388647108367	0.132781395574642	1.76192115573901	176.694323836407	0.00198210601646207	3.80824723352091	0.185949662806309	1.80076863310055	-39.3838282039493	73.8004968851088	-484.125539927913
286.378478218576	0.0118553002207688	4.12683502805591	0.132439190065887	1.74030803109965	175.196205143947	0.00197075352180987	3.83269532860566	0.181088424912951	1.78250604864226	-40.0920794409348	58.0337080753212	-480.754204151188
285.187869659745	0.0118518115331036	4.12714180533226	0.132343595457964	1.74613602363665	176.451897612125	0.00196897486721214	3.81071740100747	0.200479110476735	1.80065955257927	-37.0566511699791	80.9220925032115	-485.311622895570
290.022546927433	0.0118548564748665	4.10213840465417	0.125919560241817	1.76305461510366	179.003230763832	0.00196722988155448	3.81507210085194	0.193898810872348	1.80230953659187	-39.0796053513178	78.6905198536416	-482.721812055601
287.409395879519	0.0118510609599687	4.16671213870132	0.134898145088991	1.69753209147962	174.700738410193	0.00196465818979031	3.78328132507401	0.177042309892709	1.83499825125192	-38.7431258578758	55.9501646230915	-482.560706727743
286.573733455757	0.0118599871983140	4.12344744068246	0.121348019066570	1.72915073868614	175.621875170920	0.00195016658601141	3.91117240972421	0.192622584832470	1.72148931457857	-39.6331777404930	63.7831192257604	-481.677951997298
288.023171825314	0.0118658186550524	4.12710969651187	0.129988320497437	1.72078910254828	175.554934478429	0.00192039555345029	3.91977450428649	0.207857065590628	1.74051152379217	-41.3650058543442	63.3638145680628	-482.614694296186
286.928974392448	0.0118544725269178	4.17562122218719	0.126524718740995	1.68734878465458	175.141235385179	0.00196335746985739	3.85531385038987	0.181039980315052	1.75287604579378	-38.3464895303572	60.3116415675030	-480.997552081941
289.816507599597	0.0118577387314397	4.10035740695619	0.128177968331155	1.76146200252129	178.744309962064	0.00194086134974893	3.93828246640776	0.199938865605185	1.69932575318568	-39.3745807246818	63.2101595620009	-482.866315357489
288.617633225086	0.0118611956256197	4.11217339185653	0.133364891072031	1.75034561841774	173.476454307353	0.00196657912310615	3.87565976645477	0.186378526492368	1.73300002860798	-39.6659116889300	66.7810311040795	-482.304652077981
289.815393760222	0.0118581790476983	4.15160710384943	0.131863840553876	1.71274046046221	177.802029775169	0.00197313043233843	3.81465778632057	0.214135236812634	1.78865087652902	-36.3637939173687	69.5371659405068	-485.611832295369
288.571970701084	0.0118538837384616	4.16497164331494	0.137642426608594	1.69584884084100	174.594715107287	0.00192834266976249	3.89961211935971	0.198183070806452	1.76755036164874	-41.0091219298894	60.6362679070991	-483.617222441213
287.793764035090	0.0118611182110437	4.09455721322455	0.132872877144098	1.76402452890680	176.929053331859	0.00195555057598071	3.81323827995219	0.195486247695638	1.82538395817367	-39.0752933564989	49.0092627976721	-481.938704046026
286.718193081266	0.0118587575847416	4.12334455905699	0.130732136536625	1.73445090381847	175.812775111233	0.00192989960467334	3.87205676207449	0.217849655217460	1.79526729737230	-40.7455549181519	48.9611590177589	-482.528543435032
288.831293756387	0.0118606310228851	4.12763935219226	0.122251767798252	1.73154342250983	177.725854041936	0.00193280793567160	3.91321992604738	0.192850704995471	1.71976103752971	-40.6510171981054	54.2653938237038	-484.173529002519
290.683729281665	0.0118622683133663	4.15294127006841	0.123129144804095	1.70794146981012	176.849861643634	0.00195936453027416	3.90903905247608	0.183290933409501	1.70212121586401	-39.5854989348061	63.3056512239603	-485.244787760695
285.369092462084	0.0118586591320973	4.13480594346068	0.129602350590957	1.71496242059849	174.739216404617	0.00197381869903581	3.85362463193261	0.191417887205773	1.76777945108758	-38.9321663831253	80.5544431833897	-485.105457841619
288.948170883683	0.0118574960619939	4.06621063862994	0.125353001281131	1.79657181479051	176.787125765930	0.00194270268127625	3.88606457517965	0.189266046360543	1.75326018240001	-40.3556128038438	75.8943740495559	-482.273081787826
288.683637462264	0.0118602306473183	4.12273315055608	0.122536578830213	1.73062591631001	175.376400849089	0.00194344678945221	3.96616408904615	0.195116829247173	1.67836959374064	-41.1794242303688	64.3003894407822	-483.098422394820
289.562946926539	0.0118553657770217	4.10999503540962	0.117152496958691	1.75226971712557	175.536682837492	0.00197833784833076	3.84603208683429	0.185752234720075	1.74304663773446	-36.5340364285954	57.9549896803469	-483.212799286790
287.442420956268	0.0118595805574011	4.13852382584227	0.135572943727781	1.71938735768935	176.424381496773	0.00196029594263699	3.76488541513735	0.188903655276002	1.85323248751755	-39.5470633851893	73.1759991689405	-482.898746603664
289.846015856955	0.0118504946469712	4.07119489067350	0.136292339478231	1.78944245179672	177.375510107922	0.00195939285887246	3.78250913897321	0.199052041234142	1.84441565786304	-38.6020159094905	59.8193944555580	-487.937661193796
287.898136022872	0.0118569303539091	4.13520229738519	0.134767859723485	1.72840256427161	174.488420562265	0.00197044411318774	3.83451620696969	0.181526900111574	1.77236479817997	-38.2695690973366	73.6035661052510	-480.061658593796
291.108840620284	0.0118610538323542	4.10455793722011	0.131105928837023	1.75672333540421	176.924990702539	0.00191817083334893	3.95008886311937	0.213351912039790	1.71979111603761	-41.6985956711546	62.7937604928092	-483.059846560693
287.065835027058	0.0118528167870260	4.16041372514967	0.128956010153770	1.70610270309395	176.880789593627	0.00195170748692767	3.88058991380566	0.199779004419805	1.75010838690688	-39.9658910773213	42.8832699610957	-481.076542743424
289.259567816832	0.0118567247164797	4.12026532603704	0.135773913176277	1.74237210556428	178.788781817117	0.00195225523892223	3.85325791754999	0.198429503907868	1.78020749687646	-40.3936399467430	54.6654588424718	-481.123373820252
288.353359635279	0.0118654020086666	4.06015041376937	0.130973769193511	1.79535479631934	176.647961154676	0.00193325412513978	3.90939577083066	0.214497590749201	1.74306552657421	-39.6583701230086	59.1372541182825	-483.835772445622
288.764867157071	0.0118509964279986	4.15417232411932	0.131788698596122	1.71845054076665	176.869923729517	0.00196461684676956	3.81782469575664	0.196722952223007	1.79284559855514	-39.4253267723775	51.6831426946166	-481.560795187202
287.890557314195	0.0118541355053371	4.13701974166066	0.133490406430982	1.72863460930809	172.222533124353	0.00196813710907247	3.82589553962357	0.182301295103795	1.78398284389422	-36.6798521269232	93.1090386110436	-485.556580023777
288.469570086941	0.0118549661147924	4.04848497334498	0.130595909470611	1.81144620220168	175.299471435376	0.00197452873985494	3.88426877559513	0.189555976512861	1.71850035456687	-38.3912031539287	49.9737625751580	-482.557449886336
288.275524596002	0.0118540267188368	4.14793918573696	0.127284201832607	1.71893967641275	174.540513629393	0.00198147982313753	3.82073150240077	0.179373308143678	1.77624129484493	-37.3869701272699	56.0456334079943	-479.699299292269
288.701125640399	0.0118570417889689	4.09021533268321	0.132947045652140	1.77636766696084	178.285978450276	0.00195500743863115	3.80409141492999	0.202479961170310	1.80976943734341	-39.0122034810549	81.0856930110950	-485.466221808104
288.336799852723	0.0118527268370469	4.14569198481073	0.134821233706059	1.71565813123910	174.790462647791	0.00195802000792915	3.84296971964989	0.186800629859051	1.78860290745266	-40.4757888030385	58.6084735068379	-480.526748351044
289.557001726021	0.0118554733421057	4.09648742884510	0.128353200824033	1.75923504511394	176.786277042706	0.00195616381644601	3.87791117696699	0.198664426055128	1.74774788270247	-38.2436869718766	44.5343761482034	-481.995036143679
287.131150959605	0.0118526136863833	4.13814635278216	0.120836476231518	1.72695859366445	175.639362641970	0.00197257918899581	3.89093879911511	0.191185345071627	1.72631442383053	-39.2160881081146	56.1486189145204	-483.033346291410
288.152503518604	0.0118493614614542	4.13387116192857	0.124475808266969	1.73755664023775	174.833821286998	0.00198205947202856	3.79926175786145	0.193013205340557	1.79306526752175	-37.0859381333608	57.5181720972145	-481.090169468246
288.940198340449	0.0118541732689675	4.14924646277030	0.127952742110022	1.72500068800439	175.463727074871	0.00193711274516273	3.90487799490245	0.207629754575508	1.74586683446285	-39.6435500630761	73.3887679100002	-481.660992128620
288.913807755143	0.0118558548272450	4.18599030698767	0.128878469560394	1.67758175304724	174.807891811718	0.00197237284678001	3.87295008265439	0.175379682449787	1.72769109619217	-38.2498281402933	58.1466191021905	-482.725658757996
288.923263123370	0.0118535867105205	4.15282985311885	0.130661910023734	1.71651578034848	175.647805436703	0.00196122146805601	3.81905507534629	0.185786836067176	1.79884008986299	-39.5173322052687	45.0638492874174	-480.070657288279
289.147813325183	0.0118562762944629	4.13736267773787	0.130913316797667	1.73193318070595	177.718710592290	0.00193586325341629	3.88830995935618	0.221515881513710	1.77319767262914	-40.9690955524311	81.0507533802514	-483.645629245867
287.860072756900	0.0118655724791599	4.02221577949106	0.122757442993162	1.82186795274336	177.850569834549	0.00198139667165912	3.92143839352452	0.175061365711772	1.65324243834712	-36.3910741508203	80.6275730934877	-490.445787048820
286.193454968458	0.0118506381238635	4.14357662207349	0.129487988016196	1.73018178243163	176.196866855724	0.00197750400910130	3.80353644255979	0.186313750423694	1.80903231556596	-37.1933501917052	76.4504444376452	-483.775143040002
287.458866603012	0.0118643045277567	4.09040362949593	0.129291559473148	1.76709431906243	177.134231601440	0.00195347445525851	3.85840178767919	0.207704458088248	1.77633013487520	-39.9182081931739	54.4017509036089	-481.955255402094
286.215348616456	0.0118548220500552	4.13999522057771	0.120178072137574	1.72362373453940	178.333519948850	0.00193924429881709	3.86675589990806	0.199225339435960	1.77836924500072	-40.2031898619869	75.8244075900217	-484.236321869433
285.906516952382	0.0118481149650902	4.10968132259413	0.134638290055663	1.75838415163485	173.426251823952	0.00195550775178207	3.83313220149987	0.194766053144316	1.80300648625299	-39.2876232521301	55.0385875289094	-482.937070129034
288.019236751388	0.0118552327060278	4.11516860781142	0.123720427269374	1.74343789029238	175.501272174037	0.00197608769430482	3.85595585097164	0.174186121897744	1.74153070228322	-37.9245746739217	43.6327871907406	-481.109854596213
288.395724147349	0.0118599808522503	4.16920382490643	0.124755572168491	1.69469721485374	174.867454939845	0.00195177077779963	3.86682529831010	0.211161764149716	1.75996337029626	-37.5243639330579	72.8477092258093	-483.232763157456
290.288847618938	0.0118616117641194	4.08321627832829	0.126508790284943	1.78154198585256	179.412663598171	0.00195400892241691	3.85986972438955	0.207765905417739	1.76443935031282	-38.1978737980730	58.8863024361258	-484.719627717240
285.965048449421	0.0118487223312520	4.13849917769465	0.119774855175424	1.73953617709205	176.708755523586	0.00195414796243167	3.84335573119608	0.195787965860507	1.78373528452795	-37.5894683242506	78.9195468735879	-486.762005614328
287.689999413614	0.0118569370711265	4.14755319095190	0.127638034679883	1.71715257652061	176.278273753334	0.00193281495595961	3.83230948190497	0.203634370300578	1.81697726774539	-40.2658201971485	60.7139611292312	-480.244754288386
287.721746256629	0.0118559035763724	4.17252438547325	0.133680635198360	1.68890441284807	174.197585033911	0.00197184625885853	3.78553182299883	0.181741136799590	1.83689849541736	-39.0859073115417	80.9545909255846	-484.201078409925
286.175636251819	0.0118577839609898	4.12725503479896	0.124017364535102	1.74057518822792	174.073700195487	0.00197024707120302	3.87224116669291	0.188671083704737	1.74599487425299	-38.2176011188165	52.7218988391795	-484.066368599056
288.136660316302	0.0118557208384912	4.14265528286077	0.127764738215741	1.72057668233153	176.279760895348	0.00195131809455870	3.85310204891245	0.189958285521881	1.77786088916385	-40.9881075431821	42.8875751223010	-480.108846046981
288.444079830690	0.0118560759272960	4.11612657585829	0.130573716882016	1.74877844280314	176.386167098598	0.00195415373272493	3.86186694914725	0.195911567821341	1.76772139129215	-40.5959049584848	47.5826072746039	-478.636036172604
285.712516526439	0.0118564723567366	4.11264698854322	0.134023265554247	1.73908276097448	176.472575724929	0.00199250458930452	3.84264416735419	0.180717000239676	1.75186091789184	-37.5919338441579	74.3887822793082	-483.966788508910
287.337094673717	0.0118500926365668	4.11859893102285	0.132662462058321	1.74796977787271	173.619727803098	0.00196639602988327	3.84501199221103	0.195334599453518	1.77860884248555	-37.3986797681216	77.2579496847255	-482.575805408578
287.646615108734	0.0118555384029371	4.13859834354361	0.137782211586255	1.72248348559880	171.385965007599	0.00198759337483459	3.84671995146372	0.183485127337953	1.75999960874489	-39.0163756633465	67.2972349615672	-486.394471113861
291.166581697566	0.0118588907440193	4.14789845351262	0.134457488340452	1.70807229840262	178.783586597950	0.00195140582499831	3.84325779357624	0.203889724155540	1.78869622431139	-40.4665569397456	64.8358379083614	-484.108274229751
287.349956606271	0.0118623331690480	4.14861883056887	0.127267866939998	1.70684201982506	175.622803890564	0.00196223604086278	3.92229606891826	0.179983611682545	1.69458144367483	-39.1950651011931	58.4154398093719	-481.921545905401
289.342779410513	0.0118447243490132	4.15376206140924	0.128745475256833	1.71475053828815	176.224260025941	0.00198616929838902	3.81711145672992	0.182031670608996	1.76595411776402	-36.9924637287687	60.9622384563541	-483.265243012751
289.801968517768	0.0118502021419457	4.13560715398101	0.135455484262092	1.73062284704452	176.674376043530	0.00194309904904093	3.87969960229515	0.205660232304437	1.76279737165739	-39.4500962432999	76.6623958871331	-482.988321379822
290.377176874962	0.0118596017080983	4.17613123090247	0.136060845429401	1.68685721211265	176.357557566473	0.00192859633223973	3.95600605688388	0.213768203543135	1.70550721602027	-42.1814537809355	54.7757119591613	-486.932215151366
287.650757744510	0.0118561638891955	4.12799756915575	0.130409457412918	1.73201782759574	174.654259329041	0.00197717236021342	3.80935268757414	0.175880018870044	1.78317783159863	-37.8535578010294	60.0933785150630	-479.388005326038
286.674072173500	0.0118514739957218	4.10197309770584	0.125901317546024	1.76748639310266	171.405405950108	0.00194852233768388	3.82255188769353	0.174469299168895	1.81559089415198	-38.7879645488376	84.0594781382005	-489.910305052903
286.652999193510	0.0118595889579440	4.13301987788741	0.131375966269080	1.72193677887144	174.235939488977	0.00195400076136598	3.85743808670751	0.184349999329668	1.77335545824811	-41.6173292866967	63.0761643417511	-482.360611764767
286.378692680236	0.0118504985073751	4.09903434035761	0.130832255063165	1.76354357997638	173.117569283484	0.00197929788859144	3.84047909367723	0.174621243745031	1.75347431080331	-38.4856096732170	61.2451966761149	-482.248029309509
286.795259717701	0.0118606398935258	4.10674075656175	0.119184288077545	1.75291415058504	176.204998215325	0.00197781577709843	3.86339031502312	0.183620905733101	1.74178773499269	-38.5696911436470	78.7195814438083	-484.622207541273
290.986171505335	0.0118621115417023	4.04841337234883	0.124591042895145	1.81212932629676	176.107382647927	0.00194608593782311	3.88825444349855	0.199566573737367	1.74757760581246	-41.0277346541058	72.7277061730911	-485.558969169181
288.624636059473	0.0118556519524717	4.14151036707768	0.135169943305897	1.71930131840277	175.566297557718	0.00197903624561364	3.86719249129654	0.203655670117345	1.73685597413756	-39.5733008802448	68.5102808515704	-485.523023328593
287.051030501885	0.0118570859771228	4.12503983034839	0.130495865878152	1.74357418999423	176.135389740817	0.00196472755673254	3.84841862718970	0.198878414688411	1.77149943061472	-38.3396805215689	62.4765364810612	-480.115646246553
287.290473793832	0.0118529872612061	4.09534581769591	0.137429848483915	1.77631466586265	173.369790351813	0.00197742302085536	3.79991977076712	0.182180623139953	1.80062297024110	-38.5902563711299	52.5069269614136	-483.007699619153
288.061276866872	0.0118585207140887	4.13697112994026	0.128665680672563	1.72403356415216	171.905499396214	0.00196449984299705	3.81387321070623	0.179333446128116	1.79812320199810	-39.2077080200880	56.2212170724910	-483.274134886759
290.200757466816	0.0118558823497740	4.06527110264668	0.121757630113781	1.79580355044224	176.668989306550	0.00196511053010188	3.85927689125736	0.193915044814226	1.76276179422631	-40.0058824886954	67.4138750578362	-483.422851290041
289.433693795196	0.0118559092272242	4.09968460439602	0.128195515600374	1.75205587974238	177.821715696683	0.00194487777097230	3.90315232929004	0.186049545766161	1.72606131177008	-39.6902860349282	62.1688210748338	-484.937575419935
291.104591284306	0.0118542782274951	4.10498990194959	0.128931507090438	1.76638160756467	178.321153012767	0.00196218228626715	3.79181990951614	0.204188443516441	1.84752136622405	-39.9740698783140	86.8157446849665	-488.799867630571
285.095201959256	0.0118627117667050	4.15875856928566	0.133205739131949	1.69987719986972	171.335986276840	0.00196489965570960	3.86449748099454	0.187366945296152	1.75189573390524	-38.4518847467150	40.5273950578003	-489.045759936979
287.957357739697	0.0118591527458662	4.13057766364826	0.119815209237964	1.72679751069849	177.568987851819	0.00190595968146430	3.92944317503395	0.199464933639460	1.74178992456980	-42.8469004681318	75.5827435010136	-487.613426447838
286.954991653800	0.0118586021209748	4.10893129492268	0.124103899126806	1.75266035572682	175.350458867778	0.00193993753171345	3.88830934778475	0.194198329555143	1.75974047907887	-40.8867573485520	54.3339010987311	-479.957233317080
288.444409767479	0.0118547553703493	4.12946309989014	0.132250457539051	1.74688532255451	175.026961185303	0.00193291372924416	3.85229097765483	0.197223282011173	1.80986688493942	-41.3736384488330	68.6129297556004	-483.023197397190
284.418739759650	0.0118495301763027	4.11326243836672	0.131821572118094	1.74581108983848	174.897959763837	0.00197833212057141	3.82597940544538	0.179660590003767	1.78503484928477	-37.1027925375133	54.7503795886578	-486.788296322523
286.234359653797	0.0118647070763385	4.12285888810090	0.132408207383682	1.72779016364812	174.438544664752	0.00197172485865152	3.87434495868552	0.173929526404124	1.72933930731138	-39.7121345885421	85.3597919863349	-484.445187864554
286.475527344453	0.0118569036936877	4.16611100002893	0.135995156303893	1.69362020331760	176.907102291611	0.00196503540536472	3.83545394851394	0.193902774166597	1.78457944641301	-38.9265283108084	50.0954331463904	-480.937850785209
289.105847588854	0.0118617294993632	4.10952635029759	0.141979432267106	1.73564224280612	176.060243344014	0.00198104021023799	3.85008289601939	0.185832817126658	1.74216931670115	-38.5434442973169	75.9264580227657	-486.671187511937
287.915898432166	0.0118518689152176	4.08270408564336	0.133028136421374	1.78142910479039	175.248951603561	0.00194881891135597	3.89252450347168	0.202699553633653	1.75045859577931	-40.4656721438367	89.5369196524512	-484.444224684186
287.502125599181	0.0118486109280729	4.14450493343611	0.132897105167819	1.73460485532635	176.259256454241	0.00198354878838566	3.83595481437630	0.182440617658107	1.76012579592488	-39.0149033984540	63.1770999576492	-485.450991980736
286.297076717621	0.0118689549619154	4.14635756875315	0.126299764476562	1.70285921925995	175.425618584025	0.00195887314513921	3.88172046051772	0.183299471675081	1.72753864438568	-39.3471679648101	63.7856366308763	-485.234832375732
289.607116830679	0.0118598459785348	4.12869711592017	0.128869297378742	1.72547783675517	177.870526689319	0.00197513206544221	3.77481657706858	0.189016312097850	1.84221210606386	-38.5648547869399	62.4520989989334	-484.670201713445
290.519177322511	0.0118594283328132	4.16388523582554	0.124494565282963	1.69703992597644	177.501434254578	0.00195227444615522	3.88627555443167	0.202910492483947	1.74268562362369	-40.4409189394489	55.9146048058431	-481.781539652176
290.110476836509	0.0118484517252270	4.12951847213304	0.125032845283980	1.74637903096163	176.706416223327	0.00197196587188219	3.84918727583476	0.179723524143954	1.75659971996152	-38.3260223073705	64.0572796696675	-484.208142771748
286.167686139414	0.0118606724314504	4.11676838562423	0.130944698014150	1.73718234094537	175.201421058433	0.00196841802431521	3.87404400063945	0.185883800991797	1.74138406465049	-37.7111445576413	42.3008274187496	-481.622046684441
288.767129284008	0.0118602713145284	4.11316832079654	0.128679998009331	1.73714747312254	179.779039487338	0.00195003276739737	3.92497975302935	0.200124803589839	1.71278965415710	-37.3827630043859	88.0331227551723	-490.247266395920
287.001757298015	0.0118583006697858	4.10061282321812	0.125118518486412	1.76093168308495	174.258811279522	0.00193743325007636	3.94139990690384	0.198206475434595	1.71440541793323	-39.7207073635462	50.3318094511262	-482.883797393903
287.498009976646	0.0118573726828080	4.15883599380600	0.128640901506747	1.69411463281177	175.355758981317	0.00196243049135309	3.87372015488003	0.174734270779974	1.74541799154795	-38.7968654381830	65.8658170128458	-482.904750046235
289.080396165119	0.0118605206797352	4.17620157099613	0.131997400330190	1.68507034511979	172.463959866607	0.00196004883092697	3.85484872332630	0.198726817353559	1.77421690894940	-39.2204911833827	52.8456539001560	-483.611635696430
288.217465748851	0.0118553938909150	4.15293422659798	0.125916348197460	1.71691510150423	172.715951850284	0.00196899116353738	3.86379511826869	0.178212749444413	1.74766795147715	-39.6372987017762	75.4862746338337	-484.170498309033
286.444666097062	0.0118572417740836	4.16025170461189	0.143314724757294	1.69549852938444	174.723506874592	0.00196120344371642	3.83385344211576	0.196002472751090	1.79929606720541	-39.3604662532864	47.5813565235522	-485.117594590017
287.658080704093	0.0118618715960923	4.13898794372380	0.131954285086391	1.72007725252619	175.830851426867	0.00193683134128741	3.87646560022788	0.200710746551208	1.78341047691068	-40.4333888189048	50.8111052253914	-479.807546225738
287.087236407815	0.0118497175907342	4.11414197956345	0.133173017576660	1.75660027027075	176.055383767836	0.00195925768456257	3.79568610532291	0.196509151106825	1.84370240212673	-39.0019604700100	53.5984674440880	-481.312230624827
284.929946506261	0.0118493082039877	4.15641997704613	0.125782097117708	1.71722528682953	175.302192068025	0.00194385325678279	3.84898372155143	0.204625617790464	1.80274825540144	-39.2079933111436	55.3901849716782	-484.235954693653
286.258727869814	0.0118480696192787	4.18024104444926	0.129254000834948	1.68523235632614	173.747753238943	0.00195412722400149	3.86363340624177	0.187281545333234	1.75185732342518	-37.9729375949159	67.4195377039475	-485.826967194129
289.452027216760	0.0118592894220201	4.09709475942908	0.126989100834497	1.75065518987740	175.831728200787	0.00196591795302121	3.93687058760875	0.184435582094044	1.67132349857451	-39.2708072000699	64.1118792381311	-482.999949041466
288.480216681182	0.0118567061868392	4.13361331355380	0.136077114986303	1.72505494106748	176.265433857124	0.00196013428392380	3.77781990611648	0.189512547614765	1.83165814909629	-37.7828718153165	77.6880749020817	-484.068970959710
287.280490755579	0.0118490064277769	4.12602617496815	0.130275194082232	1.74359549882926	176.453066351172	0.00197715055679555	3.83688708451039	0.187825622529849	1.76636889288199	-38.3477081816941	55.3825962538860	-479.496509090729
288.909412464784	0.0118455985560745	4.13170125366392	0.128454143150782	1.74334324336707	175.600028155575	0.00197132578700147	3.80085731500882	0.189233896717087	1.80251604724155	-39.1457879873849	54.9356839332493	-482.163464125992
287.755074204638	0.0118473980495178	4.21695892880508	0.127220558605660	1.65964622675533	175.670185295859	0.00195465544983250	3.77671059875007	0.190614572468524	1.84904094193546	-38.9386929376009	72.1081735522183	-485.308885960789
286.898935170333	0.0118609228128539	4.14763274098590	0.136445727647886	1.70378416333746	175.637794707129	0.00195534504157224	3.89981268044228	0.191907197385309	1.73323791314962	-39.6094646062610	65.4443088739417	-481.194962773394
289.153759393353	0.0118577212504921	4.14212718667257	0.122919277612660	1.71160013559083	178.298270158300	0.00199440103290904	3.84333791448588	0.175412663465920	1.72342900467984	-37.0046887756732	62.8827065555539	-484.167443133352
288.112034592439	0.0118499869713134	4.12276624386973	0.134003001443980	1.73162403833518	174.676476599986	0.00200515003483376	3.77439133757899	0.174961101816015	1.79238165190608	-35.8446589725156	66.0851540833557	-485.360670019793
289.105308140187	0.0118640465041932	4.09277653888395	0.132177546813621	1.76187346391300	176.312185655300	0.00197277114055210	3.85649749426271	0.188880584468157	1.75262175889131	-39.1692243851275	55.8704452610202	-480.558395059710
286.816623026249	0.0118452523180807	4.09245249319161	0.130548985003688	1.78008573508796	174.981384947081	0.00198100779149754	3.85576318040970	0.186573899564899	1.74553949046085	-37.1067559039236	58.2970920474962	-483.016267517083
289.618766157448	0.0118522834561087	4.13336450033606	0.125539312490732	1.73284648819420	176.259389893432	0.00196886186337992	3.86384352046468	0.197351935912641	1.74195806760422	-37.5720750311858	60.4773191030120	-479.607998071792
287.554309982534	0.0118595516047637	4.11012263384455	0.127256766740753	1.74377019590908	176.645713667888	0.00194811028132701	3.85937814930972	0.204676258966333	1.77930008515173	-40.4195837076538	63.6039026374875	-480.540381661940
288.329342436321	0.0118513351510085	4.07998538833363	0.123425286935154	1.78155349672771	176.274523558642	0.00197097629854487	3.81861677251517	0.174992489105211	1.79666670101288	-40.3813495224648	72.8732537381958	-484.611234496684
288.430267496980	0.0118605206305605	4.09733071357842	0.131870630935580	1.75899632466656	178.203901130827	0.00197980071600946	3.88886711980795	0.182046469541304	1.70716420614099	-37.9751746925185	52.4581186999411	-482.619632813868
287.913381701099	0.0118633784134543	4.10821040517542	0.127907586277798	1.74773252763853	173.366525275425	0.00196645246921106	3.89127963438981	0.194189204062854	1.71691995858650	-39.2104011455946	56.1709237449060	-482.363646516987
288.357749602441	0.0118627985744533	4.13060670759430	0.130594225949350	1.72514378763328	177.370648906683	0.00195766899169766	3.82371361341478	0.197586350765114	1.79922106833446	-39.5690077601908	53.6696813997918	-479.561795547918
288.358397331647	0.0118536817441895	4.20024021355795	0.123892272463580	1.67280691559936	176.987255708494	0.00191896946488922	3.90240178149983	0.221723942777995	1.76892986085068	-41.2074030818928	68.6585051909421	-483.775904164556
287.251544235003	0.0118585761323713	4.18846609941391	0.130247859754051	1.66888637256303	175.771406450644	0.00197139128931765	3.83454942588795	0.179294177490853	1.78099808817511	-39.7441523627927	70.3421673492707	-483.215476677117
287.006861688113	0.0118573637195658	4.15417755644822	0.135399083360773	1.70960929407042	179.549782143649	0.00196456041632729	3.83782788921907	0.203065821840348	1.76865920274267	-39.1797243043689	68.9543533548852	-487.838631713562
287.296776053147	0.0118473043759020	4.15506963973520	0.137444872663641	1.70863148381692	174.143782062445	0.00198128054854656	3.75940675619089	0.188108341767383	1.84230251903876	-36.6440431172884	59.5201965476665	-485.116237685177
289.324331422935	0.0118519320646540	4.15319094034731	0.124386568327151	1.71072868666738	174.398168098457	0.00195114162003313	3.88855642899229	0.186820177542427	1.72220248712293	-38.4581214415548	52.2046702741366	-484.706209203394
286.935473711041	0.0118627404748480	4.07789355197882	0.125117107463074	1.77739269716995	176.918030629998	0.00193866981853477	3.91768204679731	0.189271562154353	1.73268156483612	-41.0954609847543	49.1684379769838	-483.046998465418
288.386676378528	0.0118523867221434	4.10797760509733	0.128099512447589	1.75194279348852	174.482027042772	0.00196279524827679	3.85249998205191	0.200252197448523	1.77803830307650	-40.9546562279870	61.6430609147646	-484.399981137564
288.186449376306	0.0118452070122205	4.13114227810198	0.136221540255715	1.75023472036196	178.115768100836	0.00195727024102849	3.78752997402935	0.202148356315713	1.84541920059989	-39.0929818191555	57.5250228840809	-484.438605173877
291.339163579448	0.0118577544191922	4.13838595888495	0.122107117099492	1.72625648957248	177.371583724799	0.00195964789944375	3.84641647440070	0.193284966060405	1.77344904522498	-38.1386445939810	38.7508064358454	-486.459729426920
289.720626831290	0.0118494866137942	4.18563924190854	0.125515325025579	1.68969939715909	174.736220970077	0.00193260065487262	3.89382143281555	0.199618434534398	1.74707836233362	-38.2098230357217	84.2727817094267	-486.654666770781
286.842432931547	0.0118550427638437	4.11193783971290	0.130625071068419	1.75536178309072	173.710965771395	0.00198475603390525	3.82804372565040	0.174130335757442	1.75517878538448	-35.2058726220287	55.4418848327693	-484.756361063727
287.362797381123	0.0118600566865961	4.15803548853856	0.121796989651549	1.69923268064706	175.941557370177	0.00195227430533489	3.86654981373597	0.198025857399026	1.75745085032087	-38.7273492256001	73.1814555363068	-481.473473099646
288.677627800614	0.0118560533409462	4.18142683607416	0.130109665337877	1.68886061610150	176.947693477861	0.00194303330436707	3.88270693321141	0.210503584756035	1.75889127993247	-40.7437121444290	77.5204333588104	-483.251371975749
287.794504043126	0.0118610938983000	4.08272826214608	0.127007283673124	1.77041496859560	174.074367706672	0.00198005408868396	3.82790647431610	0.174884314786710	1.75310499201652	-37.2088376179595	66.6214912764407	-483.190515502208
285.020466317925	0.0118551359900401	4.16443269169251	0.137972816147286	1.69972031615746	177.181908310770	0.00196219756494396	3.81802017885576	0.198571830923755	1.81571969141651	-41.5236623187278	55.0407238000229	-488.416672944565
288.691977796486	0.0118568305099674	4.10725469279123	0.132013210674364	1.75392579778693	176.568033550117	0.00195916323487778	3.89775976907949	0.206538447960891	1.72745709761082	-39.4749099663684	62.3657812754284	-480.619675563311
286.683117930906	0.0118587157349163	4.15533347812653	0.129875094867069	1.69840725392572	174.761790802061	0.00198075036933664	3.86981625446025	0.188483759545544	1.72876345613625	-36.9754509404556	52.6309173835437	-480.940253715778
290.366427083528	0.0118547874982643	4.15266991622436	0.124581070530714	1.71860261078370	177.490888135023	0.00192568202584049	3.90295055312871	0.204166438334742	1.76160981697920	-41.6045599107049	62.5623035747177	-482.747315485812
286.814616239480	0.0118547763334058	4.14290874797412	0.138324278553191	1.71512675145187	172.773892865656	0.00196513095574337	3.83713199134343	0.188172815520303	1.78122685441749	-40.2625452707127	78.6367705613893	-484.718624688335
287.729954124249	0.0118530754863064	4.13335852266901	0.122678151632644	1.73151985971825	174.001064872894	0.00193534540140092	3.82413786903208	0.206920229713510	1.83749941392661	-40.9323245555198	84.4101680691769	-486.291633584368
288.960055345479	0.0118502826419282	4.13359537001827	0.131111278675084	1.73368425809753	174.272042253651	0.00195233970911602	3.84422479627380	0.177643444981546	1.78007352193907	-39.1451131218052	70.3677520930309	-483.018447236111
288.201976529095	0.0118592491016565	4.10910506325992	0.127194776631440	1.75002893933476	177.849783475345	0.00191064268829545	3.91594466473481	0.224053156344313	1.76603846337843	-41.3917938819514	47.3980960712344	-482.502786432133
287.635172845825	0.0118628425034607	4.12886065190624	0.133506097159005	1.72734289748743	174.952418736822	0.00197409735770436	3.87647699432858	0.192833405595509	1.72790472141391	-37.1339220488934	79.3238817008277	-482.408257451959
288.481156254355	0.0118521602376149	4.11533705671549	0.132096516465160	1.75830082370021	174.150419743408	0.00195678715168309	3.88990897017570	0.199412398902057	1.74196460583232	-39.4860741101738	59.4316915233527	-481.235207246134
288.299603322171	0.0118571342433055	4.15877943909945	0.127909595973025	1.70588661593961	174.842717621181	0.00194616130783755	3.85844746494510	0.191699636370612	1.76790743466715	-38.5660382682496	70.1774312489988	-480.623079709253
285.701093691107	0.0118565488036374	4.14436472949659	0.132562348511722	1.71340789572432	176.125713933774	0.00196790552333925	3.86528554585787	0.186272324729561	1.74342922224161	-38.2500643094857	61.2271309314432	-480.701939840334
287.774580888277	0.0118515853015658	4.12223045588081	0.132545881728814	1.75026684101478	174.562643679421	0.00195397973252551	3.80616540616813	0.198094386371470	1.82877752909180	-37.9436363430935	43.9178820085386	-482.160620834675
289.651030255245	0.0118525373839032	4.16317253620579	0.132307318444588	1.71118338912212	177.966916251632	0.00189063222518869	3.92422873302931	0.238589653693376	1.79371411535855	-41.8005464982755	72.1011168779205	-486.811421969070
288.263460105637	0.0118580578100729	4.12266017337058	0.128913330479481	1.73730762591845	176.214270508736	0.00194942082733369	3.86348994129742	0.196690227858713	1.77171622608837	-39.5466195594081	53.2453613578388	-477.173905113739
