4.52731825305908	0.0417510046389091	0.139038523304881	0.0905887629070030	4.82851985792581	285.756686851306	0.0118509208097895	4.07073267028328	0.124154729898012	1.79623340459636	175.173837348158	0.00197077743707369	3.86780988072482	0.186460147758597	1.73617730936428	-38.7015109484080	60.2842190415271	-477.048495702894
6.53774266527498	0.115141486791550	3.31266395661225	0.367481520836127	0.828105271740319	289.219903593349	0.0118586519717612	4.11375695157153	0.129321347407222	1.74683076062177	176.794765842803	0.00195227898657407	3.84505016674051	0.188687212943934	1.77606433462300	-40.5701304266674	53.8476052561851	-469.410457607606
3.29196712139259	0.274216304950821	3.78755807601840	0.0902234442263719	1.73726668075327	287.000251460030	0.0118602697260913	4.07606864305357	0.129531510367112	1.77838179406113	180.704283201729	0.00194567180541340	3.89200991258276	0.206851929196737	1.75407979971743	-39.0714565413548	50.9647601603365	-483.526578966931
3.18063756683515	0.625861054642103	3.89802258208922	0.176155960609567	5.14005848860220	288.743472090604	0.0118542373528675	4.13331071357525	0.133367632198577	1.72681024674461	176.361873142882	0.00196352348169094	3.83231780812626	0.196132839170182	1.78983500049789	-38.2311779483593	63.8908516789093	-476.582084115874
2.14672021316916	0.0799451303451691	3.15994182230229	0.219606138849124	6.27107672044063	289.697401363472	0.0118533066675893	4.12435907661461	0.121050263018581	1.74325601870097	174.663108745993	0.00194258126801371	3.89275848813678	0.198211767134202	1.74503689117971	-39.3044805743510	72.5980085598570	-482.349617966938
2.56737352180861	0.989986773957482	5.35286885324175	0.00479583044027992	4.03960995367314	290.961599504484	0.0118596760375918	4.09698970176014	0.127247119293161	1.76557984084644	173.936699120239	0.00194091710379341	3.90532269518238	0.201160171851687	1.72998410416662	-40.2793670295268	46.9615706080573	-476.384521792146
4.79123887531302	0.0388828657256910	6.00270064521127	0.133502262585234	5.15727537248053	286.577889730807	0.0118411801160618	4.21645185305203	0.133577183478140	1.67017524834646	176.121297257222	0.00196428619887571	3.75871552277790	0.199567351162711	1.85422923629744	-37.0329305962794	92.6815606428428	-483.719266740869
5.69249979490825	0.115088187382169	3.18508777826983	0.387232296821063	0.979411357284201	288.930945463301	0.0118647448735336	4.09583250166789	0.123985480848058	1.77099833551058	177.482584520172	0.00189485088964272	3.89788444289221	0.216460794225612	1.80570851073926	-41.6617933844309	50.2492513507337	-480.652578468747
3.44944894394902	0.313426102745225	2.99560912272859	0.273155778102950	2.11753022884430	290.280215195000	0.0118555671231245	4.16420199495544	0.127687220859493	1.70632786937965	176.602592845098	0.00196346074350810	3.82329016985995	0.207405904654141	1.80514856317837	-39.2399289401509	38.8403520621902	-476.779018493331
0.159517240049765	0.0494499378673799	2.24862044898269	0.0398967962201294	2.43484561028734	287.964643831253	0.0118609023823277	4.14698012967991	0.125053116135895	1.70778875223711	176.097598021337	0.00197759224553895	3.80860577897032	0.176756696673777	1.79109969939383	-36.7010357224798	63.0959815717170	-483.538128454541
3.98620171443608	0.136894208929963	5.85650727425464	0.00142318167193249	2.47478444122541	289.001615247236	0.0118599455975273	4.13809636554297	0.131534202630454	1.72547363846466	174.619250664081	0.00193952828008422	3.87733986145192	0.200861214061863	1.75959601253608	-39.9651447156618	64.5805957334553	-475.432258963190
3.01349165748360	1.83251883439562	5.15050286665947	0.0577791144907748	3.30381944315311	288.868638714067	0.0118541809094781	4.13962797945090	0.134224833930777	1.72787495302450	176.461554806697	0.00197710504020639	3.82424470889002	0.188531110399693	1.77627830244139	-39.0112803832170	64.7908265726680	-475.847590954354
4.02440762226476	0.0230016364953205	4.36912674875357	0.130515580940294	1.66269187687323	290.832348263079	0.0118646165061159	4.04884117311835	0.136230415173336	1.80482891549659	174.954745884340	0.00194184277152612	3.85141912317705	0.194978742835714	1.79524459613715	-39.0624988436394	67.0628325936992	-485.633021880902
1.93062574414914	2.66684224224306	1.71769057214702	0.0430540253417247	3.77891308470576	289.069131083392	0.0118573087748881	4.10791439376986	0.124173617995835	1.75724638885414	176.405784683993	0.00195737558981133	3.86402855239645	0.196820659963694	1.75726855842155	-38.8064437346028	57.6691869065172	-478.838195514795
4.30643555910588	0.114085472326532	2.84117035543080	0.446447726581765	2.72585606934786	288.441698666461	0.0118639751734257	4.09885825130605	0.121059744813264	1.75258130282000	175.658753874506	0.00194973076034656	3.83789514663310	0.199040956400271	1.79107177508077	-38.8900435570069	38.0786981448508	-476.294838748301
2.69580079886841	0.103071933640326	3.90189031881603	0.225075649997043	2.37776206118961	287.701001172158	0.0118562978001145	4.16720654878417	0.128084126836591	1.70447168127985	177.505177359437	0.00192790577337932	3.90073656460275	0.218030100437925	1.75186457520483	-40.1680347622988	51.7813792710830	-478.444604645193
0.611062863640332	2.25416410372078	5.98354671245614	0.331916447377254	3.02901398938413	286.881461895541	0.0118513928094515	4.13525563028284	0.128393154925449	1.73372927414000	176.014307947081	0.00196099156456862	3.84685409043218	0.187386073617586	1.78363591001986	-40.1982223216168	53.7425219362312	-480.256370679481
2.92083725450748	0.0313892252088163	4.09325812823809	0.0517015592263580	4.25086024095758	289.994696955692	0.0118607550499487	4.11338549797112	0.125299731279807	1.74365096992073	178.793411323442	0.00195593326871549	3.84723597502049	0.193303115875521	1.76737210506068	-38.7165041613935	60.1520243834852	-480.476581333752
4.28274971294084	0.115488450932894	4.14790107248744	0.0290169642110628	5.53555948152325	289.081198433490	0.0118507856565639	4.06794366628086	0.133720435427115	1.79048435672474	174.185577422600	0.00201207522435036	3.75217721562668	0.166306623911349	1.81103099850528	-36.8862400341698	56.7451912688595	-478.212154536363
1.83088470892575	0.0873617305011457	5.40298615389546	0.0531996147311780	3.60252470345106	286.273673541052	0.0118581588253834	4.14405104811088	0.134645778288269	1.71170881107729	173.946626540336	0.00193495851763069	3.92735432087492	0.209667392287398	1.74388600899430	-41.2489756487646	59.1799480257550	-485.469553989254
3.39782749212139	0.137184259228626	0.469178822544692	0.122283787427387	1.51338625739633	290.435918683003	0.0118601138519465	4.17112654452974	0.122104581576949	1.69139714910361	173.701673681152	0.00195769945882585	3.88996013451189	0.197098603905343	1.71992841395745	-37.4179950259743	52.8516239429698	-478.985015753733
3.67533144477740	1.11846925313664	3.46931278870132	0.116161728362318	2.63448893155338	288.669181944596	0.0118531663522949	4.06311901156184	0.131039769985312	1.80194696157546	178.364166645125	0.00198319016999747	3.79296794018358	0.181314928490804	1.80244891893784	-38.3228350935536	55.4107886464120	-478.261388241773
1.76925644290602	0.114653039366836	3.68146523112675	0.457504014962191	0.166688057436970	289.044909619377	0.0118510034008561	4.16692004158829	0.127338723166370	1.69691662877561	178.133917636377	0.00194893509619873	3.86624025075510	0.204873878370372	1.76229804813027	-37.7786376561893	54.1543898039845	-479.772292449186
1.48681327531322	0.0174935228606886	0.00110429005634383	0.0548541464850127	3.67409318018279	287.070549998287	0.0118521912266376	4.11342657002662	0.125560740062306	1.75058668371198	175.849201895350	0.00196482432634149	3.85609489687533	0.201729102510408	1.75724225131637	-38.6177322631800	55.5585148426810	-480.180330418556
1.81484759845159	0.115142763085458	5.75652960256819	0.0361460259699684	5.32357672346667	289.123439121036	0.0118626502436028	4.14101435248202	0.126601019716517	1.71812504846372	179.945610604968	0.00188805296713739	3.96071759810545	0.226185755449834	1.74341016118561	-41.3627016122934	67.1128448417986	-483.112281580910
0.971848290214227	0.0619497508919630	4.77219801638685	0.0208641159504084	3.17084991981107	288.821343033479	0.0118558421399030	4.15882530363232	0.132121804759670	1.70490017037093	174.747000979260	0.00194999865038124	3.92813385958058	0.203444151377417	1.69402407479501	-36.2298527079880	86.2073870081843	-486.590603336020
2.58733994365133	0.0260514923735769	1.21225912334046	0.169970839219466	2.69657921658811	290.417777099316	0.0118595250084119	4.11556043157250	0.122880949503925	1.74058829068794	175.554492527809	0.00198744830216942	3.85674826452360	0.195632775951997	1.73956886941019	-38.8809402396452	60.6585617147511	-486.849356747348
4.70198335723383	0.115238979288806	4.15568072891523	0.159366806904775	5.89760660477911	285.737127489293	0.0118510797956439	4.17612579208073	0.119718329431368	1.69852036711578	174.483671317478	0.00195709578599904	3.83047584958745	0.196277659520429	1.78636512068138	-37.2225948986467	67.9767810525775	-478.711214676292
2.29488391774367	0.274257579627220	2.10965634899993	0.145500997558246	3.75593654859735	286.465007758882	0.0118533651238157	4.16779105138355	0.129652869815564	1.69735742425190	176.561490544346	0.00192723988318675	3.85696200975227	0.212820952121532	1.80740266359839	-41.4899513367137	66.9941977129812	-480.082874438182
3.60945984277846	0.114678746806380	3.47923156708391	0.264629860708343	1.02278065868373	286.235773486890	0.0118574748152837	4.14521495963322	0.124435562514700	1.71352140723320	176.289323622944	0.00194452629876952	3.86212960393138	0.194807005541227	1.77358961383768	-39.4398429380722	58.5229406944590	-472.928881159819
6.92576017341668	0.152165702807550	3.76164593667413	0.109911840523485	5.88617268891591	287.558018503590	0.0118532963164957	4.10219863538072	0.120339945369645	1.77562723583781	174.422643887168	0.00193920866194161	3.94658310996181	0.218340966248179	1.70593139913700	-40.2209633275876	54.9185318847484	-481.594109359352
2.80441648226224	0.0638704845606410	2.52381206931348	0.102332847779771	4.85144589492130	288.231423575926	0.0118593901578581	4.15123933606026	0.129148720714517	1.70597573100329	174.084823239399	0.00196631109124641	3.76067117212338	0.181467413780056	1.84242655156793	-36.1966718940969	69.4210604697055	-488.338182520218
2.35555477380388	0.211137178309530	2.22837736327723	0.0431586839372541	6.01484466167876	289.234277676162	0.0118471195715786	4.10869805987012	0.129939017818201	1.76482497439354	174.973681293073	0.00195456268297242	3.77356122509491	0.199623544488629	1.86596235449898	-39.4326170065689	51.6491873979255	-483.086198380544
3.80793439277663	0.0237133534252909	3.03382289544951	0.170814593119801	2.90592696491752	289.897654716478	0.0118477653015478	4.07958763900201	0.142018244238812	1.78679572412065	178.674546966021	0.00198638502187192	3.74051313355960	0.175740423534714	1.85340163536799	-38.9778496534782	73.6231191105917	-485.836937203926
1.37859286134232	0.115237179825200	4.04739981639478	0.218994235008357	6.16269303416007	289.990658995698	0.0118573215077770	4.11674653216027	0.123243437668551	1.74199155051999	177.897504949528	0.00195000304073256	3.86985186767759	0.205447740504410	1.75071886033300	-37.9894441377865	57.2272765821217	-477.004420634102
4.30236975428907	0.137298617231882	3.19955983341189	0.267729319332889	4.86999974412109	286.907800228993	0.0118499572324811	4.11885420985264	0.129269837443835	1.75402563994593	172.544165648823	0.00199403402226678	3.73217361867268	0.172045640906432	1.83371462954025	-34.6129683321470	73.8615154423036	-479.812558746962
4.45550909103619	0.115529167238422	3.36532336850114	0.462150936757001	0.835127626245738	287.640546863793	0.0118585250835613	4.07349296491585	0.128631512283116	1.77973891560732	175.314835338816	0.00197229134039894	3.82000273599813	0.190189414882701	1.78291413948173	-38.0612764730327	58.6520352285407	-472.551075710293
2.57260190270871	0.0177263134381989	4.93534041994041	0.0192755613686051	5.13917684663659	292.001734413352	0.0118516806144843	4.10992947795040	0.121581452727066	1.74880048584800	179.291850647555	0.00197500995838399	3.85986342247040	0.184340424146822	1.73788131098223	-38.6999920148775	82.9540587181490	-487.679620161584
5.07906787134065	0.571349603750618	1.27278162184284	0.426292100671806	2.04585898986674	287.167224942559	0.0118544981395644	4.18367423889813	0.131727867450305	1.68350859079322	175.793331087963	0.00198589479086859	3.84161030467310	0.195489210831268	1.75802194753162	-37.5088115748306	49.4200571411312	-474.448066063577
0.774067400340815	1.68823465526125	3.27519832055078	0.150011156285021	1.30927376004619	289.947389521011	0.0118581226437339	4.13961501903288	0.136074844065890	1.71898635620232	175.863646104843	0.00194641015613832	3.89358986544232	0.196426597946157	1.74481988339533	-39.4804830964850	52.1116926919133	-480.393257910685
1.55011293578815	0.0186688454457653	2.92289297907531	0.114184729779302	6.10210464490531	287.060209295829	0.0118589297253473	4.11939686406098	0.132632837362597	1.74252665850019	176.492102465939	0.00193478408337496	3.91357786559405	0.213943267331632	1.73993066242091	-38.2658842187521	58.3094158196894	-481.321087809004
2.57876568465990	0.526045104811187	3.80205460496970	0.109751575673193	5.62321166289474	290.989985456228	0.0118581890264876	4.12032215807604	0.130827586171020	1.73339016857635	178.719129117538	0.00195683128571213	3.83386146277733	0.201012811085000	1.79069812659388	-39.1350735579863	53.0904733491635	-478.368341489459
6.41553439803789	0.552570902387248	4.05156810699025	0.238323982645422	5.03846351308910	287.747581262793	0.0118463905373491	4.18405714353116	0.135910693943067	1.68939760108134	173.508710179964	0.00196938530903014	3.79201131796336	0.190789529198307	1.82582174889501	-38.6980837784885	64.2817072298541	-480.175360178706
7.17856466393769	0.114899991464499	3.70349165770219	0.244137133712164	0.821750624900575	289.079304684822	0.0118521137268675	4.12698701732547	0.123962542677942	1.74021499640061	175.187352634090	0.00199129170356278	3.74887971037672	0.190601355552695	1.83668115857521	-37.3874808734148	41.5936866244648	-470.791563171707
2.51301068464937	0.115139199979631	4.38928961663972	0.0627862064384864	6.00393114439265	288.632789711231	0.0118583865051484	4.14443401478574	0.124505331320599	1.71504634576925	176.468238177959	0.00197350889533966	3.83552516181198	0.191402281623272	1.76638124414422	-38.9319584318945	50.7016318364663	-472.579220428897
0.991048041609286	0.572220064981353	1.42805831024256	0.0501033492356534	6.18128484745490	288.917063795501	0.0118567280473395	4.21279574943802	0.125467716743082	1.65612026688336	174.650933210508	0.00193327012545086	3.89750908340911	0.200139599133545	1.75656914884794	-39.2503618782838	44.9178357271406	-482.679687131892
4.30056305118079	0.152068262312135	4.07415242709359	0.185429447238817	0.0223363343331234	286.920757949590	0.0118564198629677	4.09563363416782	0.126936366511079	1.76004231168375	175.878862693913	0.00198739126604516	3.77211183410271	0.177054629205949	1.83265022244253	-38.8376924003150	90.3261705692419	-483.546419505708
6.02611643240653	0.115437442127106	3.65141897349518	0.696202353450611	0.253101503618072	288.112817360784	0.0118567404533517	4.13680236278689	0.121245993318391	1.71528846701014	173.647676618391	0.00197039579729853	3.85520499769755	0.179406347750401	1.75202454846665	-38.8867352822099	43.5945006502718	-470.815006896178
4.52022818876655	0.115219682656880	3.51860956292848	0.363918013830688	0.584247274643270	289.319974998906	0.0118603063934172	4.16543957689435	0.131194092658951	1.69346606562922	177.127560621784	0.00194959206865763	3.84218534967530	0.206504028624082	1.78638681005927	-38.3996809075795	55.3528577116453	-470.324885520321
3.15066353968193	0.0421612456271332	3.45568123312644	0.00579628525431852	0.385173936233103	287.786442341513	0.0118529819398170	4.19129873734933	0.139278340861202	1.68484163749528	173.895136860248	0.00192717324960292	3.85538270554008	0.217229780862717	1.81848775319848	-41.0095960434288	49.7745274842627	-481.662167482697
3.30455059813902	0.115634617292311	2.40239581273660	0.181965602594098	0.913833390463084	288.202936551716	0.0118538512414715	4.11789771618008	0.136232230709333	1.75215103984359	177.577009780517	0.00193586790219769	3.84193751712115	0.209893283427180	1.81134823240958	-41.6490860975797	51.3319818400979	-475.116121996539
0.0741837381348283	0.893371433317656	0.726840425213212	0.385847837252087	2.03424497447662	287.520363260288	0.0118475161238894	4.11829736170504	0.132471224964581	1.75718013344249	176.259155723224	0.00193269504142946	3.86064975754967	0.205866029153432	1.81425672048016	-41.8666449672461	52.2892489578994	-483.973330950515
2.51339643964743	0.843004004673743	5.56245639593753	0.103999526235364	5.17284128894230	289.224949297501	0.0118563421962785	4.14744098205059	0.131571898761710	1.70791724933669	173.895186822458	0.00196572677629779	3.87896967103968	0.193297464342415	1.72709821959546	-38.6181781308323	45.7150065775206	-478.267581141165
3.60369259387692	0.0155444264674813	2.21470856962706	0.0200692188196117	1.64376094893553	286.447359792568	0.0118503854215737	4.09746735998076	0.126533549997825	1.76876894907879	173.207649049502	0.00198955646956249	3.85054357730362	0.173540368960886	1.73838241625784	-39.1196777961839	50.2747515991805	-476.379113915114
0.579407045061405	1.61895921814589	1.48879149662640	0.101360605646502	1.54918288382154	291.816051048265	0.0118578331900358	4.13631337510081	0.125823711152054	1.72407995080049	176.370117530389	0.00195447368555833	3.87427886678550	0.196116477088613	1.73095813102664	-36.7774013782873	96.8609120498332	-488.251415530831
3.38410676734584	0.404511651148554	0.340910679532960	0.661410904848991	3.72332589874390	288.328497940345	0.0118504778042911	4.14294573813105	0.127297326980719	1.72902102850576	175.438824180263	0.00198453145696039	3.73534432416083	0.181049388472346	1.85267456051159	-38.8832941938900	63.4813931755202	-481.426065949683
2.41400031373104	0.314199719156892	6.12147750051272	0.0343904777508406	4.46698039163217	288.567538263217	0.0118469494332857	4.13807188422124	0.132636043672571	1.73211714683055	175.115138424203	0.00192584972267836	3.87674727283338	0.197641341644490	1.77895588250262	-41.1977455511097	59.6562610528551	-477.268810695125
3.49208119365539	0.138032164017374	1.54167313717269	0.237844322432621	4.86736004753286	290.098002185650	0.0118492169810037	4.16149321380556	0.117185656987533	1.70704052538197	178.042058032311	0.00194674235270984	3.88976553305615	0.205569349400134	1.73857160303473	-37.9920245704346	66.0953270753059	-480.135897205019
0.266997020576598	0.854137869753847	2.69735749649551	0.345138564203932	1.71317139106567	287.566935285289	0.0118582879754258	4.06910807163474	0.132877369546692	1.79099524694156	176.661862704879	0.00196111565376270	3.84511460460552	0.196993825258874	1.78095316163867	-40.1461045419381	81.4253555140498	-482.403686634185
3.07880925365841	0.226033605487975	6.07539634298531	0.0989537694683399	4.28903467494850	286.642000694508	0.0118521646352096	4.14550869033408	0.130707839088156	1.72607201809756	179.395455601439	0.00192699418563154	3.83656178827137	0.209429974489058	1.83787591990745	-41.0860768392452	38.6926815368667	-483.166549179386
2.28514251153203	0.0179532300017730	2.28389320465606	0.0233164749715057	1.58971458550820	287.393506039204	0.0118551367233208	4.14648020695575	0.131031739922355	1.71307592443652	175.699631237893	0.00195270327995749	3.86622172692777	0.196985766356284	1.77254127836926	-39.2223806520357	41.3738770677446	-476.250798242507
7.55928683482394	0.115216071159053	3.18456988779469	0.319299939792016	1.01409636501459	287.807233905881	0.0118608852420991	4.09654827942197	0.128295336377122	1.76412228656688	176.667013459309	0.00196692457737412	3.80666592259700	0.191729192277427	1.79210844522137	-38.0453353998486	56.0111314275910	-470.353370953723
5.07489733889423	0.115138087440917	2.47333805356850	0.327284416807351	2.14277292594789	286.063382857739	0.0118547682889741	4.16018388807323	0.126905320246546	1.70301401191508	174.404521588916	0.00196262076769844	3.82856662532484	0.192801901998845	1.78781111132973	-39.1956205070519	56.1226631182878	-471.827110922988
4.40463340695887	0.114625043126179	2.83204460722697	0.437829199458382	1.97155311118220	288.977603809705	0.0118483116128844	4.09230363272941	0.129669413261728	1.78152913687072	175.388356637286	0.00199494837779555	3.80374838094067	0.173671239423135	1.77814388021257	-38.7758168074679	39.2029457688618	-475.693042588701
0.276778285859604	0.833379479249860	4.33132752394174	0.135802461012742	2.72321875809823	287.229398910835	0.0118588611742254	4.19679347522088	0.129099602667393	1.65910471812284	175.041454751162	0.00195168925585769	3.83722535819747	0.197394780233505	1.79163785776416	-39.4671330528771	59.2454153232485	-482.194116038705
5.00852788396909	0.314603793019185	3.04701152769961	0.258110684072707	0.942113945478118	289.658110919344	0.0118534514838448	4.13081205557710	0.135190686354645	1.73298388438165	178.726877395792	0.00194584444823100	3.84717517956108	0.204798571260187	1.78341189289377	-39.7016539240628	47.6114656967674	-471.470966210848
6.09819516639949	0.989301633771976	1.49710480850706	0.563528719325614	2.82076668043967	289.529419211547	0.0118535429312128	4.10694840224903	0.128691752173454	1.76014165926529	177.702022487501	0.00195155883501654	3.85147454731416	0.209149221778263	1.79187578485083	-39.7770050691006	59.5805927117028	-473.616764278670
3.93243433689790	0.462939264995221	3.82189546956634	0.188476113109953	2.43896058948789	288.470438093661	0.0118485933118671	4.10475371805963	0.131551664098486	1.76461487742083	176.535869141411	0.00198087219308156	3.85257023956819	0.189129572486932	1.74783991851314	-38.9412031733461	48.4066814339564	-479.678696714553
3.25675650422078	0.115381060910532	3.97379501431105	0.296395910703908	0.0562780931808768	286.177078290892	0.0118552343095022	4.15309322573496	0.122847135861856	1.69986212330442	173.248341348478	0.00197471486010670	3.86849990342285	0.169443279146597	1.72655812226274	-37.0819687277731	63.5777144642001	-479.278821280724
1.64008257264858	0.102399036467511	0.356848675136793	0.0730744822856099	0.699216992732645	286.839183158283	0.0118552476420469	4.11763243945371	0.131866535210009	1.74067784731316	175.965527882064	0.00197849109506639	3.87541651455338	0.180062093696444	1.73083702035826	-39.5853704606015	85.7501554400024	-481.794349180513
4.46087923130300	0.989977851396387	3.09957539040882	0.424277831850542	5.86831096519960	288.754836486984	0.0118575024221972	4.20882482352982	0.129432254175737	1.64978825025099	176.451029497978	0.00192751063070899	3.86364864806948	0.205203853413409	1.79782119185156	-41.1258973243340	55.6111679153323	-476.716935613594
1.86797860144706	0.825648668291220	1.45622958586299	0.00185432372140454	5.24036793281674	289.218340889439	0.0118541972883629	4.12936566186329	0.130389949460649	1.73345540282689	174.606345400619	0.00195395346604463	3.90772917579763	0.193872266887255	1.72080536852874	-39.2920992251502	74.9006691966318	-479.918430026804
4.79856794515596	0.289086647459855	5.84896389613386	0.0599655344997318	1.74054403444289	290.067983701336	0.0118555318167681	4.14271942143220	0.130160551263314	1.72323614552651	176.169245045911	0.00196891220111948	3.82065616893175	0.208305140514322	1.80393282763452	-38.4192740380806	58.7453437434084	-478.632492656656
4.87946287532043	0.659467240882002	3.36549104171121	0.188175734939894	3.28356813705223	286.272651808272	0.0118611271704599	4.08477979023801	0.130709805988004	1.76575362879776	176.955653920470	0.00194800194316659	3.92149982466977	0.206133506802718	1.72885340865330	-41.6272964278882	78.5549433302633	-478.794542707562
2.66354460086460	0.141491924053116	0.137778670511000	0.216970022430673	3.79911872936689	287.274245386903	0.0118530259763195	4.10610068840396	0.130046539889059	1.75894891570345	175.235328112850	0.00196999958161874	3.86087044006052	0.192703306961418	1.76053033062907	-38.6428458651609	51.7473250283667	-477.724297757278
3.63294935244297	0.144298063820428	2.21151435262623	0.393818302518817	3.94666219956403	289.320208750034	0.0118611919497749	4.03605159403564	0.127185312634114	1.82260045006931	177.495973543508	0.00196423462460759	3.84800675355601	0.193421852911800	1.76883502492113	-40.8274939454632	59.2578008535261	-480.553543437610
1.03147699144734	0.261810234680992	3.61172779071849	0.00497065764788400	0.662870445952501	288.661293306921	0.0118610739593380	4.14278197940523	0.124919145110885	1.71700075331969	176.278917951802	0.00196043722286641	3.84730790877160	0.193932404032310	1.76968172020256	-38.3784908208754	41.2518016328719	-480.437869169319
0.244163742835013	0.231390316634136	0.474118094959018	0.0230371095831751	5.14209347786361	288.684313702949	0.0118590709168102	4.10295112356475	0.130403575917943	1.75656908312795	174.101302399255	0.00196917798987563	3.83191772285242	0.177211725189980	1.76247784357067	-37.2150449490246	60.1918711714931	-481.972312979394
4.14088001012766	0.137769495251134	5.90526429025600	0.00479899912711769	1.67662889060097	287.675967119947	0.0118553537909975	4.09458652975946	0.138666199989489	1.75937633563866	172.186548396240	0.00201409226549517	3.81823122695508	0.163843027287362	1.73715262028375	-35.8845380209082	54.8944707725732	-478.780563799285
2.52533861065977	0.225879266708649	2.33322616480811	0.323012915143129	1.89227001727044	288.638420667159	0.0118563677820342	4.08087747695509	0.128365799239617	1.78454653763560	177.008505630042	0.00193710891462469	3.88242703227831	0.193388142384604	1.75754987708315	-40.1334868486742	66.5881246502840	-477.084861736775
0.325869254899132	0.570859484511603	1.24206653344279	0.173668191056221	4.94021293345209	289.511645534160	0.0118541594538389	4.18705529846246	0.130108584139796	1.67018047989068	176.723175307050	0.00198002874695969	3.83034437842475	0.189805225395468	1.76063264070538	-38.7371838514121	92.6025906057850	-486.763933654484
3.47442665677537	0.0762922124852761	2.40982886355688	0.0665070019944463	1.71271620623452	287.088181568653	0.0118555338341460	4.12073754161704	0.130757397669867	1.74423562478487	178.685649975407	0.00194214822088472	3.88377977395221	0.185300791542136	1.74725751101643	-39.0899528800269	76.1244224862204	-489.072391689227
0.969396185551092	1.56361354040519	3.20857002212197	0.222316356724344	3.28264950152297	291.515135258808	0.0118578547040568	4.12825670469698	0.130702709609605	1.73103045893976	175.477978561370	0.00197888128256624	3.80048155898488	0.195346090815635	1.80000917976391	-37.8221558903979	49.3509079575203	-485.223794405809
5.15754337497040	0.227730085247158	1.53472761737038	0.137710001806739	1.17966069129900	286.659109557082	0.0118569629705840	4.14966895155188	0.128218264644624	1.71179549905605	178.529784158344	0.00195175218615927	3.82067534862956	0.209707424011527	1.80533547031042	-37.6050196681979	55.9861033468177	-479.826867128934
5.72966964577766	0.0389815261590177	1.60177383513651	0.187924145838852	3.13639000399689	285.565254345074	0.0118565659344107	4.21341932129085	0.139900784047839	1.64839108291757	173.257649157322	0.00198207671188328	3.81998913379943	0.184065210314068	1.78153902531997	-36.4024523210562	73.7356539025210	-481.296687735580
0.835942968531051	0.476708570400634	5.61618104241075	0.0434134902366034	5.66779006674163	286.785519643131	0.0118555772003257	4.13756912504643	0.132264978266358	1.72186041415612	173.474572760157	0.00196687060768110	3.83777549798324	0.198350698230122	1.78644943919709	-37.3106137547513	69.0613802149591	-482.219747298990
4.66128346466277	0.115102227585266	3.28323947426439	0.312917554859519	0.731754192292662	288.829197713946	0.0118560749522635	4.10631697802269	0.125130110720414	1.75858825231652	176.788593161762	0.00198715430278272	3.81552534224082	0.184155057550173	1.76629252185699	-37.3744959138451	33.3143516001313	-468.807330470924
7.61049478441138	0.115527910299984	3.15285354159277	0.313311269329995	0.675293029712661	285.345755518413	0.0118525749605296	4.10777774196439	0.131842373700263	1.76359808572896	174.109061508927	0.00198268994609616	3.79969707476329	0.164188765852796	1.79109923609050	-37.8919046617413	61.7197033784540	-475.847220929087
4.59155521869395	0.115390756609400	3.25437457257260	0.0852158668247570	0.550159333408082	288.711700782951	0.0118548840465779	4.06119909956072	0.130174033964707	1.80452075985357	176.575334191426	0.00198475755901045	3.81278152424255	0.190176574808702	1.77371621336566	-36.9513027904380	48.1083723836312	-471.032607893885
3.95398926805687	0.0553449603405175	5.49138919274171	0.398568002650331	3.54958760596088	289.123412982429	0.0118552393164218	4.19506529491123	0.128762689932325	1.66786863778822	174.525430920750	0.00194678091286639	3.86807612065186	0.191587099526830	1.76110866630150	-40.1469007719800	55.6708342829419	-479.725772836928
3.70675182626707	0.314461532922191	2.85982398723825	0.107785850543391	1.21736265372992	290.193792353183	0.0118571617983642	4.12811806867075	0.128320974524070	1.73482779535114	178.114906490596	0.00196604546084782	3.81994764628098	0.203791034127944	1.78266504813790	-38.2510601689238	57.6166487824256	-474.254983695229
3.10023711877414	0.114899819568073	4.22788862729261	0.102391006010288	6.27900919813567	287.873055182047	0.0118569111136354	4.09792724016158	0.134437887466530	1.76208983926648	174.723563533549	0.00196280805324070	3.87787383405761	0.200755060925026	1.75628963431121	-39.9540460027510	38.3014978862144	-475.744724846754
2.52398883175725	2.39476371938248	3.81187699172462	0.168506520884151	5.82027337261520	288.409439095010	0.0118519578887809	4.13359553289090	0.128613181570826	1.74479462669889	179.434645618988	0.00194284082634471	3.89077825273249	0.225490161595384	1.76211074463227	-40.5060224869402	85.7401588523485	-487.800037450589
4.99723011523894	0.990337670665258	2.20618177313746	0.183560262821332	5.76937179270834	286.847565387402	0.0118613544918846	4.10827111188500	0.132931499898685	1.75166469086938	173.944367545570	0.00194414704927791	3.88171208288180	0.192447766707977	1.76484880704524	-39.5160084307818	42.7733603683002	-474.093301980000
2.94455144090103	0.189299313469535	5.32787052021873	0.0372216948328176	2.83195880679812	289.452932312857	0.0118571722132075	4.11802018606828	0.131455153836521	1.74778241620282	178.082836694775	0.00198498401374401	3.83574951589500	0.182318480722902	1.73999551871452	-36.0137522689559	65.1877155486598	-483.100032936484
0.620311151157703	0.593989052079632	5.49494159613394	0.484066614264821	0.774461273324123	284.753857916197	0.0118602306394681	4.16295791762831	0.125925679663001	1.70038704230051	176.163845044201	0.00191772481494511	3.86203185549446	0.210063811905095	1.81847338021278	-38.3408790973165	61.2423371076871	-492.084262287113
1.59228652070345	1.75461272729666	5.42725952361917	0.0440518318053188	1.81864756798647	286.868634041684	0.0118511570278170	4.13098498688751	0.137042755271615	1.74372367656565	173.435929010152	0.00198253894846999	3.83983432677348	0.182584313692269	1.76522581747656	-39.1019930421525	75.7583693934847	-484.372622934010
1.16472869141093	2.86911122725385	1.70508399286819	0.319290844778988	3.40786723712180	287.257366532272	0.0118549090987380	4.10773642237213	0.128347615110995	1.75405717986470	175.053008098513	0.00198517503029268	3.84744339419326	0.170964863945206	1.74222403091332	-36.8053712679843	67.0397790385931	-480.266280727228
1.22113959049668	0.300122704000035	5.54839997702402	0.0687624443184832	2.05386099455133	288.769587486537	0.0118532717620904	4.13808122653619	0.128583127028348	1.72644369590744	174.929127314422	0.00198187456485710	3.82757206318134	0.181383325579359	1.76278271761801	-37.3110264635722	74.1619450806859	-478.298671758720
1.47390486108995	0.526028631526887	4.42992129856950	0.342924704050222	4.09413529779617	288.637322719705	0.0118720006350284	4.15557866943085	0.128949466250522	1.70026656345019	176.576003866387	0.00189226276364261	4.01630761476503	0.203386153128421	1.66636388632976	-43.2394580412183	65.1510634014222	-490.225950273021
5.30288331563125	0.314674823532500	3.37700841826209	0.299010525611929	0.278710074162007	288.984000228623	0.0118513297290882	4.10200408861228	0.133173285816411	1.76807491601384	174.182395414355	0.00196548463699364	3.88123915675896	0.181016272180687	1.72252339387309	-39.5913686544830	46.7557735651233	-470.634577923840
6.66338792647804	0.541097208432081	4.24694826362636	0.00910600285891265	0.712329975009283	287.826792582492	0.0118520822564759	4.09428448406925	0.132851361038542	1.77552914327544	177.145010755170	0.00195700045997508	3.84048509576139	0.191885135401564	1.77468953424798	-39.2142634290005	45.2982824795213	-476.349591363679
0.369079187824178	0.343215670530892	1.68795298592184	0.0984706228473224	3.80911630454971	288.180149485012	0.0118551078461788	4.12824021559319	0.128773964802289	1.73118921218958	173.548812462337	0.00198840759323680	3.86411451137849	0.188312410069976	1.72611790726509	-37.7215928871282	52.7895675039657	-480.638011338625
7.56758556708786	0.114842918156225	3.48088202446305	0.188752293313846	0.878389239781518	287.431732030968	0.0118594689998598	4.10165336003902	0.122389781431966	1.75571675733213	177.120007982337	0.00197592726190830	3.81967841045472	0.201700866664401	1.78006436176604	-37.9322431317744	32.1311009606232	-475.667294996147
4.43691710984985	0.115466033561808	2.95990156018541	0.0699891242595505	0.514767723450919	288.470443160969	0.0118581394980239	4.09092970547644	0.126941103997219	1.76310573422123	177.240006517629	0.00197284023387294	3.82246257334731	0.207724640826887	1.78485976668516	-38.3578202131264	60.9452785554554	-476.123656590643
3.17568383346926	0.115299386954837	2.66563702576363	0.283654913351056	1.06348590744001	286.985733771938	0.0118565300060440	4.10811007831524	0.135385482736647	1.75458991394963	175.908642699347	0.00194665872251469	3.82205894053542	0.196006844800759	1.81514516765481	-40.9036110447503	42.3162088016319	-473.065910169592
4.76472086871061	0.115884065613777	1.56968924058423	0.0804800581889118	1.78547690076887	288.055371704532	0.0118612090202889	4.04269215255450	0.128023476673554	1.82181435702302	177.395731776816	0.00193406694199422	3.89377916285381	0.198439877880319	1.74770506644240	-40.7770736489840	63.5857695435823	-477.232559170388
2.68847413947060	0.309345891058532	5.73877173602846	0.156883928129221	0.523016563090305	287.877905729064	0.0118648896781816	4.14542277097411	0.125091231796265	1.70889836653044	178.008458910587	0.00194358440358682	3.86291117719987	0.207318444257558	1.78517899196518	-39.4028069340552	52.1451560322715	-478.655473099690
3.89205157968001	0.137429006204096	2.47098096275773	0.242016593690539	5.11287432289195	288.252577188152	0.0118499450182662	4.11642034273187	0.128682106869594	1.74823319070550	174.657477453333	0.00197862280247494	3.78951049781712	0.190446827256203	1.81321244215336	-38.0158678733958	46.3817823925875	-471.222733918086
5.38918300913929	0.115507099107209	3.62236783971175	0.475588068857656	0.147504606678155	288.203198546120	0.0118580170170946	4.07911469487803	0.126173981271856	1.77545952537230	178.303501944255	0.00196738584722487	3.81877336149818	0.189189035884498	1.76866779424436	-37.2819146575406	73.0352061462164	-475.135464908914
6.77036209664840	0.114896143303450	3.57981146686065	0.250922275234702	0.897622156296263	288.873614360518	0.0118554463436783	4.12693050836342	0.119611053585687	1.73423739918563	176.858674586130	0.00197454289710851	3.81280376523109	0.192783696461326	1.78809603982741	-38.7002331940208	43.6943970528928	-469.259228501171
1.40752389248969	0.140509335259868	0.118054429510605	0.123675621472443	5.12508543875145	287.436209570491	0.0118582494540417	4.18589023655736	0.121879943554292	1.67108621681671	176.702797244495	0.00190726985316281	3.95320938278511	0.203484389323459	1.73020700869299	-42.0913294229892	65.2862210732313	-484.632305284880
3.66572415603084	0.115115371971305	4.78429614524472	0.317970566132645	5.63500218305174	288.387895244057	0.0118563139369213	4.13514247700975	0.126146615051725	1.72049188495963	175.992795929214	0.00198259049423015	3.86249004128553	0.187036334501090	1.72186926327626	-36.9026115502801	62.0732302169637	-473.427649923682
4.83065092009701	0.314558496846640	3.97326069279705	0.220846212386115	6.19614541466383	288.038346395130	0.0118489594669631	4.12379725880134	0.130117614050735	1.74224479180073	175.255483491755	0.00198762759269721	3.83402647401620	0.179302479007808	1.75277066687115	-38.3178932323953	43.6072413240757	-470.075903718863
4.27886403158216	0.115058189052555	3.26685780959243	0.0649412954215134	0.969389966571423	288.204784298596	0.0118584470485303	4.13910651484743	0.130142308513631	1.71768118404435	173.314129833062	0.00197521238759546	3.88552921195631	0.190467664865957	1.71585013927200	-36.8334306844388	30.9489882326526	-475.285090668096
4.83047476603571	0.115591389476544	4.00946488853290	0.201709232711076	5.60717046685177	289.116864623228	0.0118555442061798	4.12976064632340	0.128171781764107	1.73579166401018	176.665085002353	0.00191070323209021	3.93600162015901	0.202011112188067	1.73309098685662	-41.0057725997794	59.5235962400830	-475.313628546707
1.32242253803575	0.0414922320639124	4.39698841134745	0.0208358156697369	0.966412278883632	287.935840994370	0.0118508135249947	4.13796668245107	0.129630749700201	1.73186519920521	176.095832696819	0.00197393738011081	3.81408708028287	0.184049488968259	1.78653787834874	-37.6354228043399	35.8849986413205	-479.056777207191
0.971375228020017	0.224059044992841	1.86224804061175	0.413974432642399	5.65495094939794	287.941919632915	0.0118531710259740	4.11058411647988	0.127299240834114	1.75738507944802	173.495688005451	0.00197143440866148	3.78557994505626	0.206276825278895	1.81757035428367	-37.0359762539233	78.2321283086733	-487.142213285368
1.22136634957736	0.194524239493757	4.85341220293173	0.427522938196758	0.775137752905990	287.384337442978	0.0118551137191582	4.12570785926275	0.136149321159740	1.74025044292524	170.822539452171	0.00197573042267015	3.81084800762293	0.182507305260550	1.79429025267036	-38.3541314560988	75.3852266796901	-484.531211047979
4.14163890444965	0.114657331175439	1.12229306648641	0.0864389707672652	3.07277011363978	287.366364835333	0.0118436200030839	4.16363341424371	0.135628536152810	1.71350782749223	172.846503942839	0.00200291141759178	3.77452525589796	0.178491727829949	1.78290397867496	-35.2313922122971	68.6144422050787	-483.241073425573
3.65637116306368	0.115419604114788	3.62144909361038	0.399257668617049	0.513639838192666	288.561193869295	0.0118551624378956	4.08782804235342	0.131253076213167	1.77313952092870	176.649839598662	0.00197747542033486	3.83972264489772	0.177160550651472	1.75533904973380	-38.3219573363011	41.6180441577573	-470.337233935340
4.94479443936148	1.27298538518249	2.71565475482003	0.173447381724981	1.09810240483245	289.574189604605	0.0118540992436616	4.16624299523424	0.125931268379599	1.69723878452110	175.483122604761	0.00196818154977016	3.85434742118866	0.200126656341853	1.76752815241260	-38.8564135349748	49.5100948840017	-475.084500855630
1.00339544643795	0.0598166354821130	2.92381904331224	0.0346285998992301	3.16591533990271	286.106115745500	0.0118545188169382	4.12117593016947	0.129733136946107	1.75238109045808	176.994748783244	0.00193087805445876	3.87351718524729	0.206447808019020	1.79682495100913	-42.4298248546064	74.8367303039959	-483.765667057433
0.282831505919226	0.510301554695810	1.20973355806820	0.101243982848864	4.39029224224936	289.154564925189	0.0118537066345017	4.17337099503666	0.121248815503569	1.69326360581601	176.017383141240	0.00192128489039511	3.93582334029295	0.218382059550542	1.73709180502390	-41.7314263394969	66.4808510395607	-483.785989244391
1.71781137596655	0.143503652132766	1.18530789786271	0.185853693809354	6.26934098389365	289.281882301529	0.0118573954157636	4.13992720811719	0.127914164867876	1.72108311374107	177.032368941738	0.00193527304450186	3.91171161599683	0.225682830228581	1.74466847686804	-38.9640664638896	54.0008728444366	-481.543207823089
3.97259414261343	0.137465435480591	3.38363638955544	0.0964261881977620	4.05144639037520	288.366546009511	0.0118504725313851	4.12312048762235	0.135012142528729	1.74247369598226	176.169740645394	0.00196575427842709	3.82832885111805	0.185011529716136	1.78988793198763	-39.0610047897277	48.0811815615895	-471.464990313938
4.38411761049151	0.543243588387378	6.03122853383116	0.238091828649356	4.48835292387676	288.293586939739	0.0118542676328858	4.13040668706190	0.132317236387683	1.74123811971412	175.743964857150	0.00193262670564792	3.87698176732894	0.199894622740565	1.77616974145443	-39.1807639068360	56.5490257416225	-478.392345762048
4.81616348178689	0.860894856307973	0.807395349063816	0.169771402983341	5.46656863441471	286.670730886066	0.0118623158987518	4.14535449101594	0.125549656867192	1.71089369968242	175.702146874706	0.00195563025421910	3.83411207741973	0.188490680167419	1.79629854280964	-38.5666330300345	51.2441559616076	-475.059020950984
6.64802094800452	0.571310720179693	1.92842796612007	0.231344130059670	1.21991669160391	287.847475586512	0.0118598464244732	4.11383159680991	0.124684875926512	1.74927385372336	175.519517824717	0.00196674749189161	3.86950180061109	0.179702260196292	1.73858138783199	-37.7912841617152	41.7699877532813	-472.000173859010
1.13002374801485	1.48018772203407	0.796765992544079	0.134800164943912	4.64449480130098	286.029918598682	0.0118579883610265	4.11208937286553	0.126006699379145	1.73859697724875	174.086340226666	0.00201203305962921	3.81112965319118	0.175493666693188	1.76932958896182	-35.8010624893145	88.3240769232587	-490.202302813701
3.97337403887175	0.0954781121390060	1.85854325800744	0.0812692286633565	3.69344182634527	288.643718948288	0.0118615513384393	4.17880534342820	0.127866310821389	1.67798356714800	177.921745904390	0.00190104176831533	3.94385670777522	0.221076528269408	1.76387710160854	-43.9580075568165	53.3112549737927	-482.500783912586
5.58830155112895	0.114952880690245	3.73526440112266	0.332955345224577	0.771843075973093	289.562101007905	0.0118667352002153	4.07922823415675	0.121672257055367	1.77203685806903	176.053939577893	0.00195532878221022	3.89745066704273	0.182641235601523	1.71737812083466	-39.3239752137678	49.1609422132307	-473.479009859123
0.162999879041734	1.68301414483474	4.46482892654345	0.342376279930233	2.03888561120964	290.720844418794	0.0118587587798118	4.11183150448782	0.125596689015467	1.75751249678376	178.922851517484	0.00190908853173162	3.96024755250269	0.220789710594520	1.71516183052806	-41.0808191394314	73.9417806521988	-485.539878284102
4.07002242458930	0.138303731577681	4.79692788249895	0.380465823433926	1.65893841557810	288.017371619893	0.0118547255159308	4.13954058502279	0.126053087753092	1.72375349945674	175.063144318693	0.00198927322905862	3.79976052441460	0.173863319350272	1.78352161730569	-37.2899818570230	49.5600917867157	-472.063460971233
2.19900752333536	1.00781135821358	0.792891833415884	9.28265114032077e-05	4.87639858767896	288.242779733154	0.0118645801572286	4.13210553956391	0.140372187744195	1.71904118902649	178.590564852195	0.00194977164326669	3.84953460666470	0.184386947923648	1.78459553855870	-40.7840976346735	53.5233694332596	-488.705124029008
4.78354964998369	0.137224247644539	0.405260563793244	0.290594030975484	1.41148682173106	288.875602293328	0.0118589600906422	4.16311918141918	0.132748469762579	1.69281051376014	175.697766965592	0.00197388603776850	3.87540430376292	0.195842897212974	1.72797617143996	-38.9789701419203	46.1056323626482	-476.947257523392
5.27911707994106	0.115516872070204	5.01893206786952	0.0709729988339498	4.96538911084253	286.562633128249	0.0118523100353910	4.07298305743252	0.125611425863469	1.79265818399381	175.580033822202	0.00197487397034236	3.77367493102172	0.188737603844352	1.82305025768501	-38.3049681691200	53.5493682354484	-474.566879080182
2.91418144202854	0.0278331183099324	0.550527275816302	0.0790375667029607	3.37407328143530	287.236292588385	0.0118576508627132	4.14653045834447	0.130032680078410	1.70796251543228	174.978868322482	0.00195944615463004	3.82299912100073	0.174012094077480	1.80243199038271	-39.3273071447109	72.6159241846966	-481.819457009077
1.52307114047729	0.0205689650243274	4.20456391706298	0.0123204332117171	3.46123922614515	288.280519533903	0.0118522933710154	4.09432294335210	0.131419815174941	1.76549507729722	180.208452330903	0.00200595874443667	3.74388144505704	0.191283090255175	1.82998114672412	-34.9371195699110	94.6359395662759	-489.173648750854
1.51650187466322	2.10406649318232	5.14461476888537	0.00340981157120535	2.79040418455157	288.479123289564	0.0118592055366100	4.09307072430278	0.126274516153547	1.75885564271926	176.579146539149	0.00197837978374188	3.88090371490409	0.186996171048049	1.72168254078060	-37.4992126950593	81.3000103165687	-481.843253497386
3.19144581055703	0.299578041474542	1.80512448049760	0.581842045879512	5.65060618594772	288.399735128462	0.0118469283380989	4.18412030224890	0.130571556562867	1.69984817338873	174.020490992971	0.00195937544052643	3.87071555289026	0.192085394057935	1.74276398287730	-38.9712067639517	55.0434023426251	-483.079140054953
5.05448846041742	0.836701863299517	3.52997994625881	0.0623382561095001	4.03550787424575	289.629841750246	0.0118592096041861	4.14361835540743	0.129630725068592	1.72348737717849	178.797061998644	0.00192363726140629	3.88093645622900	0.218599778188905	1.80137441860097	-42.3611304190987	67.7273584908152	-480.063838753980
2.99122724123403	0.128758731126812	4.81178890518035	0.638061618014037	4.85465293256050	288.987732684403	0.0118584910206798	4.12187197444947	0.124867838282851	1.74411552342468	175.847614727503	0.00194044045648368	3.88090693893266	0.213945990884086	1.77254787666502	-40.7560284369360	60.9083014262187	-481.243328841833
0.182844639877055	2.81287997998500	4.56991477974618	0.321067657987405	4.40722086061042	287.678352094143	0.0118590381066931	4.16307969787565	0.126964598009554	1.69085050449606	175.756255562619	0.00196933393753759	3.82527031853933	0.197597800055610	1.79498779921880	-38.7258623519725	60.7532737327937	-481.185931032602
5.82643565233618	0.114559241817265	3.34471796708944	0.328943034447213	1.51972562974503	288.473996658249	0.0118507511346462	4.09635888278967	0.123176475295117	1.77559497194035	176.932924395890	0.00194553995709687	3.84548476731618	0.197955318730188	1.78747074130726	-37.9119159654033	41.5486827530089	-472.241369151979
3.74289267933912	0.151653453933985	0.375622783445413	0.219267938941914	4.71024296696557	286.705592633548	0.0118628702426792	4.09328840060783	0.138725691198717	1.76573485649746	176.699853169813	0.00194841905282301	3.80105307368001	0.197744189322960	1.83917164744008	-40.5306166434967	79.3179888709203	-482.678276546009
3.68187630598243	0.137379915247061	2.14476504376743	0.267217294301281	0.238673795126662	285.039513862784	0.0118530073782284	4.10723216130013	0.126333936813576	1.75313090766623	173.737194910325	0.00196640036928794	3.86112041988835	0.189658460162285	1.76500268520582	-39.6274214747934	56.1470231141133	-479.095827460650
2.41400425370142	0.0466762681131974	6.03299523334812	0.132337328874973	3.55243216977086	289.568385802213	0.0118563935542016	4.14876935692869	0.119908891863810	1.72132003173873	177.761176224476	0.00195971039031914	3.78930354504462	0.192187499252722	1.80463963841390	-36.4258475398859	60.3856752170195	-491.418769610554
2.55605645616925	1.20616099086942	1.98563044361755	0.0863156158984507	3.68869761603067	289.458649961403	0.0118550509780291	4.08761502059228	0.131726010697319	1.77358123179861	175.665356475440	0.00197493447502573	3.89521499815177	0.183632566035568	1.69329407591135	-38.4038923592187	81.8913249793691	-481.153456196883
5.00108231256451	0.115633674612539	3.59113780549747	0.454848087167787	6.05481420197019	289.817190107684	0.0118618478990306	4.09852255170627	0.124248118409632	1.76644233204116	176.654839076071	0.00193067188833254	3.90461239921047	0.211484204680706	1.73439152784171	-38.9482310261542	51.6705530074570	-471.286016337431
4.74887886386108	0.152159599723561	5.50117398829234	0.261328824347600	4.47540770144157	288.829177522908	0.0118597200551692	4.08108914688928	0.127511870265069	1.77613039209485	177.175728500630	0.00195923282545879	3.88186182761736	0.195548993388590	1.73877386259293	-39.6280072915597	51.7600188570560	-473.797996774502
4.40335147459221	1.08980264892105	2.31871082384650	0.0585428872779470	4.85115538364255	290.264571194318	0.0118513112857170	4.09953811006516	0.121840703321214	1.77318436287660	176.294206517682	0.00196037597703596	3.86463683779245	0.193253110952737	1.74441769620617	-38.1788014161458	51.8771167505491	-480.781775018361
0.0720558178350396	0.166099780628888	1.09108864138422	0.385634491363001	5.81848497640969	286.924968410575	0.0118577457167013	4.12109263244269	0.128567972591045	1.72971625870928	177.448528210665	0.00194898193143156	3.85506178163655	0.196344211544030	1.77850491206654	-39.5639586032990	49.5047180520922	-482.346376760661
5.91800857222800	0.114963218220129	4.90075030114467	0.131032700573839	5.55115365272088	287.616556467230	0.0118560263130325	4.05293327592060	0.128104512971453	1.81530440850404	177.205028969445	0.00192846423016154	3.87571283604670	0.220621990460996	1.78657922330344	-40.3219837816252	58.0761938201960	-475.766281408572
3.41375716617021	1.92705185375210	4.62100366726610	0.492257800681836	2.91691568187024	287.632627337255	0.0118553988434453	4.18532472301769	0.133541541151450	1.68327281324022	174.533653706941	0.00193250796782128	3.83214818826892	0.197635180565606	1.81847650713031	-39.9181242524520	66.5615045225404	-483.505793114849
5.77223471340549	0.570717623397352	4.54221049230667	0.109144614273027	5.55143128281020	287.160048611944	0.0118532859173942	4.08552280588863	0.128877365903431	1.77656097900535	176.981789336389	0.00197479635745486	3.80584049885758	0.178771188942952	1.79296915615615	-38.5327800195638	69.9617014257268	-477.717741136589
4.36454860809802	0.572334448095919	4.19073881476735	0.383932400494132	3.54306363154475	289.898968699780	0.0118628961033031	4.17212408808671	0.125645486294623	1.68190782084898	176.766237025003	0.00194101396636217	3.88764890744978	0.205989751021191	1.75642943157236	-39.4158122652022	34.0994680909326	-473.278595205131
2.72571068156874	0.114722873918160	4.06481396026535	0.210592956143950	6.27200554875107	289.308101930388	0.0118461351133594	4.18270923967990	0.131676943232040	1.69880148272283	174.542934294890	0.00196236447503174	3.82158720796440	0.196107968011267	1.79516240401451	-39.4646264872942	62.7746732052225	-478.850827716059
0.813485971258302	0.0484764187365874	1.84587307271358	0.207892155864807	3.38966809332374	287.749453515369	0.0118535524696237	4.08476806269999	0.124889938241162	1.78279537825355	176.040549146377	0.00197411519809830	3.85471720728561	0.186843490841708	1.75340028922441	-38.7246295446030	47.9239474744821	-481.849500209087
5.16305094223775	0.115725803907525	3.40830723866083	0.519192862724593	0.218185406143465	288.699171840112	0.0118536892299315	4.08075406563447	0.123286466517725	1.78660724641752	174.778695628918	0.00195497732470824	3.91106560663574	0.194005142416029	1.71248570098849	-38.7712650365320	27.1247949433537	-472.352521582283
3.22742113313624	0.114909072623208	5.68501402381725	0.0229621852542749	4.69822201848296	288.547913643093	0.0118666780281013	4.17475794792513	0.117426467786544	1.68057181246566	174.034750884137	0.00199191186749186	3.83493809150952	0.186633389872135	1.74047684471958	-36.7629409714885	53.5084181619362	-486.202583237045
1.75866617650290	1.26181941742006	4.06071246258827	0.126053855758534	4.80015902241507	289.140532456725	0.0118576892792671	4.12247453126375	0.136918096319350	1.73326089307861	174.994093894491	0.00194224718208366	3.89323306034309	0.194800373556368	1.75426199934865	-39.9387363383040	42.7026082353581	-480.475568828660
2.99212052160327	2.52699671317427	6.18689673961590	0.0956483048697930	0.640984831917135	285.580004726201	0.0118615814395707	4.13515775786720	0.132756355106380	1.72203667846363	176.668192828082	0.00192801643586982	3.89345450885621	0.207607683090572	1.77308428046978	-42.1803666852170	69.0389564446628	-480.349396128559
6.28222797096586	0.111388625729353	1.32414718334975	0.101948193197069	4.43575030430769	289.239688506203	0.0118599744496918	4.12294242487085	0.132426258148096	1.73953151665618	175.795076910160	0.00192135597939445	3.93707556901872	0.216084366373045	1.74326552812228	-42.5341752553752	46.2395685774148	-478.117647987640
7.63943368682353	0.115548891142395	3.53181120252045	0.640359227440826	6.22628709463979	288.985821281500	0.0118526974594896	4.10129658931700	0.127333674438034	1.76699518972858	176.081364661949	0.00196879425834514	3.84743071132425	0.190997127070975	1.75473669212595	-38.5742749893408	35.7790938868983	-462.066156203141
