4.81102227372895	0.836955960683386	5.10289197458423	0.0771380949994644	2.09504381183373	4.26231881465590	0.114310918557973	1.47900496363262	0.0485444538129743	3.74058740469647	287.289824534821	0.0118658565643420	4.06142079667284	0.125794773985442	1.78826891297418	178.954283447035	0.00196348691141697	3.86662190069685	0.192733975131810	1.75489769020249	-39.4055020412318	60.8736408126273	-470.890576243736
2.85111569098422	1.51313927543626	2.87608702820801	0.456868448583780	6.19040812574230	0.570477983171071	0.191879057764896	5.71099244761978	0.0147733630574963	3.71357286989320	289.917774716933	0.0118509657685050	4.10233944310979	0.129924379544291	1.76997281236385	175.600980032673	0.00197276395837509	3.81297578679033	0.198624899690063	1.80779098178974	-40.3677565956443	55.7156287784671	-483.333274836411
3.24558454860168	0.989600798587980	1.49228752180573	0.0557912563154880	2.74319970565349	7.02932688619970	0.115087119542973	5.22555159864826	0.225182949263772	5.47533426569591	288.723155741195	0.0118614843674061	4.05352529421138	0.115955898641540	1.80437189996938	177.362751399122	0.00194985974424682	3.84461544738583	0.206121229107332	1.80076034439572	-40.2380891955797	67.4224510277052	-476.726724161389
1.73728337155064	0.251525574851255	2.38976197051107	0.103919276549170	5.45200405717488	0.593320339762922	0.0425632729747086	4.84564702820499	0.153096542431875	2.66180408718703	287.048979424852	0.0118543941829303	4.11511055303165	0.127052341655469	1.74653288910980	175.185866687374	0.00196762474251492	3.87938850842625	0.184576203904488	1.73380394627740	-40.1520893321989	54.6860785550877	-479.359581437819
0.189162337047262	1.24015506110842	0.296115945212231	0.0325806367196223	5.42048367781203	4.71845440182387	0.115006536977523	3.69182627705911	0.129264873043461	0.689639583468776	289.463449278891	0.0118563590549292	4.12489871518511	0.125975944229963	1.73279461723579	177.497873657320	0.00198424525558516	3.79954066273624	0.178344369410005	1.79169340220016	-37.7748122895946	34.9312122730884	-472.934817919510
2.90094201763490	0.572279914961187	4.94830454883085	0.292721257400334	2.36387257489110	4.20989138239227	0.114354555038797	5.50344139727209	0.0654820287532062	5.89859290160690	291.012901616360	0.0118555579440796	4.05881217446544	0.125940500953853	1.80843620456044	176.489160413085	0.00194816664198842	3.85176731854651	0.199631962297740	1.78067475110194	-38.8490111413941	43.7044531480610	-469.590033796325
0.0553568164400203	0.249074686757132	4.71825784712134	0.120857951191995	5.53749012804393	6.42457876903264	0.115110501108784	3.07139422573486	0.271018025907377	0.862173242128918	288.112604614108	0.0118609927791246	4.15671722572739	0.128789896630741	1.70099832301776	176.278828462574	0.00196117256003867	3.86834318360932	0.196709103345226	1.74646172499248	-38.7811834111473	40.6937094767701	-471.182536025562
1.93990193488062	0.288699947057844	0.712931700038505	0.130012434329110	0.717600141690213	6.46557909571030	0.114386140881413	2.03424007439188	0.0170475007706087	3.34078847482000	290.593453922439	0.0118640054889090	4.14320880750993	0.127207267856924	1.72635854944420	177.747982045243	0.00195216468022591	3.81361695816475	0.211704337654711	1.80017803408814	-37.9802493611964	76.1360200130637	-483.261813662866
3.99700786642514	0.314280535275277	0.363804631476407	0.332188453623878	3.89548230868408	4.31706682905035	0.114478440624805	0.884273839769830	0.0603526748420708	4.35529403302244	289.993669530340	0.0118434801893527	4.18883265395494	0.120740279239311	1.69153236902142	177.439286472747	0.00197258381533247	3.71340738949866	0.193546678808940	1.88541303385215	-37.3000658568144	44.2110120645913	-475.213319482346
3.55247592358709	0.345620043682633	3.24197673372117	0.119752747570603	2.19061323973878	1.32666516341071	0.115353610324299	4.70055827029294	0.233458877312953	4.95853010548058	289.183941438873	0.0118580723805087	4.07395813152151	0.132597395457835	1.77964183078749	177.925900329383	0.00193826426596944	3.86990888276831	0.199699418901959	1.78196817968019	-41.6244354401539	65.8045177760634	-479.972410028031
4.08408759360735	0.836979770119360	3.71058208329497	0.241322799592017	3.36884160182729	5.98055636651976	0.115141469659783	1.44787446719060	0.0260127858512405	2.84590004263707	290.757170696192	0.0118549548128792	4.10730603780481	0.123935276736186	1.76758805021101	177.967459043025	0.00194834957164032	3.86149173594139	0.215198833662806	1.76320753901623	-37.5913994856215	42.9402557515999	-468.231443817101
5.04335112748173	0.184550557409111	0.622953070586530	0.0463420726743613	2.95076930096936	0.778117402941522	0.0561875201510892	2.86693860700522	0.0315307764529813	5.62301081289472	287.569612556016	0.0118574273943546	4.13240571436817	0.128208848322352	1.72939728350647	177.414545111056	0.00195623335605780	3.84099841666163	0.193318943274206	1.78707933991399	-40.0243776835435	62.7230245732638	-474.511743038647
2.97382011530080	1.83186503199595	4.03806842128493	0.250395107059732	5.00451406009944	4.83533680019989	0.151748453741507	4.23505857809792	0.00539605413304176	0.0508334127451788	288.163202363768	0.0118586607729842	4.13124340052609	0.124468426462873	1.72596935353148	175.874334750115	0.00194723136290359	3.89412865846262	0.200632552924168	1.73818478964982	-40.6856624978279	46.6930565856540	-467.012264092716
0.366518891876490	0.577085502383000	5.58169579529343	0.545248026643400	2.37611003031187	3.83683057054887	0.114737716566189	2.58767002776033	0.0512603368523134	2.02434821118890	288.125249231022	0.0118491388923262	4.09201479200109	0.126980400919539	1.78220676158405	175.966776059768	0.00195637366269651	3.84096749864979	0.196949871609786	1.77612801229025	-37.9796589677642	55.4558307009906	-472.047949093823
6.33301245634966	0.659168219656135	1.36692031174599	0.0875376268675601	5.48372525098162	3.60996896095523	0.115584977772968	1.98012117661404	0.0652634261300273	1.15325362022190	287.348730043957	0.0118555215221453	4.07825334169294	0.123341613488951	1.78421340826386	177.315397513756	0.00198960940345936	3.79373362457401	0.180783530993340	1.79861032913592	-38.8752258720700	52.7218570795395	-468.695189184784
2.18518778976268	1.45974932055764	5.95199860722115	0.182356258409339	4.43693180977123	5.11095630603943	0.115147600497352	3.78446683666448	0.334939094084160	0.323190190745464	287.677132930274	0.0118529992174565	4.12038608898061	0.125073009573879	1.73883637394240	175.387294665734	0.00196055046162628	3.86075281265726	0.187913161284644	1.75386000093822	-39.3474407194972	35.0995860765989	-468.016705625343
4.50503938367182	0.137364648751882	3.37675833307023	0.0782985012009182	4.17123081146102	1.62898078418387	0.0459013229175952	0.466313785059375	0.0580513920020091	3.71677223428462	288.164630364191	0.0118578894416345	4.11001425184279	0.136891798660610	1.75432460303163	175.327544929049	0.00196656923914876	3.90705441880218	0.181526828571472	1.69429663564443	-38.9251138122669	45.5781877580448	-475.463730406564
0.307581816834130	0.844174238780473	0.392285274644435	0.243113347292040	3.63562100550278	4.88794215399500	0.0414049070916193	4.98250577200475	0.121870479784188	0.334805722995588	289.571080265235	0.0118523587350978	4.06119182220410	0.119043233604161	1.80736536347518	173.432372962297	0.00195525517070269	3.94737507690790	0.203830970967934	1.66970044339522	-36.5246001311965	60.3755583188130	-482.301286859709
0.773581630284787	0.994930578573280	3.57721940171471	0.0111542036367267	3.20597245093064	6.17785304411495	0.114736452805766	4.18844937949545	0.376612129902331	0.640209533986694	288.995300582288	0.0118525827923336	4.12763108764907	0.123248592901473	1.73900572932247	176.766742408562	0.00197459256881502	3.80941280192410	0.196397125295400	1.77976899707893	-36.1348246975618	54.1365709609744	-470.842638279791
5.76288051416676	0.115497492164909	3.75022546732835	0.437660662709833	5.74609362479665	1.76212656370042	0.0423883033570087	2.84223476745515	0.00732853244852230	0.486187982452547	289.157066558748	0.0118472265047195	4.13238103542996	0.128214497538252	1.74571548472149	174.097991330501	0.00197756697469018	3.78067003568664	0.199490090733771	1.81100197517486	-35.5521373937467	69.1305728982104	-472.380461587646
0.293529246953375	0.0333742186051824	0.710327326928606	0.611184763427122	0.982511994735846	5.73182193649766	0.0151526500758015	0.164297649939641	0.00279332476244008	4.11110768079436	284.937775289675	0.0118577442649071	4.17206942321045	0.134795400028092	1.68885760404312	173.210051058606	0.00195541237374516	3.86728610255304	0.183893697548247	1.75479518145504	-39.6844353820037	44.2152852961796	-474.976639261835
4.79003116018316	0.115232283711173	3.04375294065135	0.297365720764340	1.03889498648599	0.179593629269264	0.0547072483749495	5.14653484211931	0.0137466398232466	1.70478192479431	290.912505401786	0.0118555911477560	4.13113659892402	0.121430797478443	1.73452221843278	176.203047701607	0.00195080347922252	3.85240349342300	0.202993758067921	1.75877930131751	-36.8131169406049	60.7738214632203	-474.833702502971
6.13151975552570	0.114699578362043	3.40457460427106	0.233888452490743	1.50036757755491	1.88628451223515	0.0176021934337057	5.10472482487907	0.119758628462862	6.22493084276691	289.574191515050	0.0118580124360457	4.13908540614615	0.129233563629317	1.72380903116934	177.750187847800	0.00197237954109118	3.80975045870165	0.198687502988408	1.80052507114237	-37.0907632304117	45.2187320251301	-469.369236244880
2.71454738955021	0.137686089147614	0.316247103181431	0.112923756691912	1.03835749328747	0.900588644048895	0.0259428466066892	1.94564818708929	0.120792929358394	4.17732629303707	288.541194224842	0.0118544776162753	4.11555114174287	0.131499497397301	1.75136988025513	174.478844097489	0.00197693210435523	3.82069335856515	0.176197262927510	1.78165495938809	-39.0163194565569	32.5262946692675	-473.278168255007
4.01210404156404	0.110653869856908	0.686162003199197	0.168598870992544	5.95718219612524	0.942203770997128	0.0654273753407088	1.10503949243125	0.0771748805028688	1.11349150910692	288.640095185769	0.0118709481036547	4.15128214852072	0.132128020059798	1.69080490754433	176.061327877862	0.00191673233728413	3.92918196065803	0.205312066114099	1.73697260927801	-41.8287125566980	51.3579507609447	-482.607018183164
4.82266016914617	0.114663152028945	2.98421426611192	0.181303942104966	1.66090321093895	3.86941827489660	0.0187108651865832	3.15359719595476	0.0904290509680136	5.88492320227768	286.963220521872	0.0118516605831922	4.11361389822830	0.123488509156412	1.75254439832480	175.869002316682	0.00193687593351473	3.86537272313718	0.196669158067209	1.77722669889709	-40.9849781719697	65.3163460167451	-475.331991467236
3.27339343620851	0.490746053925161	0.691353473675386	0.139044095601146	1.46332730386522	7.58762415056145	0.115448901179986	3.49230266062487	0.397917908208541	6.18487873602501	287.550895897880	0.0118552431119714	4.10654738727392	0.125180417494602	1.75598492349112	176.801758510341	0.00199133745541383	3.78543045886547	0.180627857467034	1.77762575637271	-35.8454678268206	38.9781655825634	-465.780029515714
0.199146322597702	0.446236038095651	2.09739236989701	0.0893080033031968	4.33410415505291	3.27719205805335	0.106471661261210	1.23423157825269	0.112573576523060	2.56970859507422	285.962534705033	0.0118520091033442	4.17179390078130	0.134083500288599	1.70075596334968	174.611418158145	0.00190911111845629	3.92003010386747	0.216503474473332	1.77675431487376	-41.5641348867631	68.5846365185811	-485.702500762289
3.68525578064678	0.152526856452553	3.42057413926762	0.0139576390696952	6.08402957662706	1.06871479279658	0.102562129380681	0.873327222904270	0.0340917316686879	5.49596916578472	286.347888915176	0.0118603958820687	4.16066248335448	0.128039725408546	1.69604831622410	175.334605402772	0.00195445152024107	3.88286137326745	0.192793710432035	1.74784457712572	-38.5713651363897	40.3161180736794	-474.446913366826
4.20113767685546	0.314465773242630	2.28476666788383	0.0651155705346057	1.72421272273481	3.12508414984763	0.0889921683730427	2.35878708031433	0.0785050621890887	0.0283003363785149	290.660691692469	0.0118515385602402	4.15610909005594	0.123351173922610	1.70990440565893	173.861165979905	0.00194877890433421	3.92379575629462	0.193674786324726	1.70402983619772	-38.6213803320595	45.8891462817161	-474.424273476332
5.36436653216153	1.27315278770564	0.384634280356028	0.388373628420570	2.42392517351820	1.82503698487174	0.322506395759630	3.81699216705145	0.117613952521215	0.839069727478359	288.749927217120	0.0118547957241247	4.15651236164904	0.133599064055553	1.71078924142524	175.054361899329	0.00195369800815718	3.80891430834177	0.191485313400762	1.81720359183743	-39.7645163081755	31.7533223146730	-470.144758225949
2.25471530985240	0.861166471166546	0.705574331408868	0.279912350493460	5.14215202846013	1.77429541103960	0.0326149809634616	3.10326603142901	0.281206445137529	3.06693027343956	287.862867074412	0.0118547635541539	4.14627528368298	0.137269734141956	1.71787753463494	174.778399877648	0.00198108131199863	3.83178712691182	0.174019942387224	1.76482765070501	-38.0756838613393	52.5864074813862	-473.439167894897
2.12971216649730	0.115264316797947	3.95310967867929	0.212850714910993	6.08987725067607	0.953192239925654	0.0181460704549119	3.40531772412524	0.0233148848923602	0.710547254469209	286.860251159892	0.0118499117687277	4.16414952564022	0.139188642027410	1.70649737493208	175.560366874404	0.00198232250355450	3.80018293087950	0.183955486118693	1.78753122394515	-36.7330267389351	45.0551434753195	-475.492731349365
1.91781738952454	3.11368432530641	1.28702926638339	0.0516836782168891	1.55512002984193	0.562032309714805	0.0842833987329340	1.08132651605003	0.150774920512993	3.06687235036719	288.342840024862	0.0118498440543893	4.13911354279548	0.133788938529754	1.73329175678831	176.041036729083	0.00196980216485660	3.73769209433508	0.188305067712395	1.87211679241406	-38.2756318563930	42.9556135151526	-482.116285374160
5.05709298049115	0.114583101810020	3.29275059959340	0.470491995929871	1.74129139419461	3.95565096754223	0.0246853101384589	4.18341953357180	0.185128059668329	2.61086030877712	290.232427818463	0.0118552182174300	4.16408514930984	0.136673612033233	1.70331667444871	178.055444959481	0.00193135411928625	3.87228914027842	0.202645518128093	1.78011490458084	-41.0912599079741	50.9537795335091	-473.489216571167
3.59690517148444	0.291796570055182	5.20940716061864	0.0237552222596167	0.419981698748935	5.48443947136031	0.0414779296279684	5.72835704507486	0.0340675452695457	5.67518702961540	285.107305527819	0.0118547595275051	4.08596308327329	0.128104345068833	1.78512935092510	175.452949397125	0.00190582845681377	3.92798936076501	0.209099263951447	1.76055867202226	-40.9277931673486	58.2488291643014	-479.272855633161
2.49040770042851	0.843730743805255	5.62748346164993	0.165694525329806	4.83889563100196	1.23382855628422	0.100585133136300	3.10418183786533	0.0207191336107945	5.72558653331507	288.530057350810	0.0118511315134718	4.09610760639105	0.130757382749269	1.76880520647562	175.963776987744	0.00199307572359663	3.82264583679139	0.168132027288535	1.74496409743970	-37.3899236855406	68.5810380968754	-477.640117040949
3.35431779258968	0.224708895912773	3.48180962532598	0.00629644649165966	2.04079982214701	2.43318448281874	0.115036173624151	2.24468373306505	0.173284782828212	1.70425715452104	288.704866085413	0.0118566029309669	4.10277467381686	0.133320193456594	1.75422226490713	173.925479962028	0.00198022678869709	3.83229973663918	0.176319238108649	1.76080346075550	-38.0731823608996	38.4237164788023	-473.907700987618
1.53738848905838	1.45475501942054	2.76080159183080	0.0497009181674140	5.42359029530855	4.99089064280754	0.137028501586861	3.63971950700838	0.478639104112961	4.65515580852480	286.847699287625	0.0118621562798330	4.11966137712778	0.130796487478296	1.73183631127730	174.605126461867	0.00197879875549481	3.86308062579346	0.177806271369632	1.73486656085686	-38.8281723011614	40.5691673091375	-472.780613517399
0.275250203299248	1.76663576102435	0.513614371653441	0.404338662231214	4.16680516856658	0.653336400533783	0.776341338302163	4.59290058735820	0.0223056869277587	1.92307049290053	288.828771557871	0.0118640555052332	4.16812885923116	0.120073147656877	1.69055202530442	177.205844527110	0.00189584802191127	3.95365541754439	0.226685895811637	1.73469510294755	-41.8808902170386	68.7417057582438	-486.024958294306
2.51614277711285	0.702917175377549	1.92844877459670	0.537326332312129	4.48695124146443	5.96942374712921	0.115348914421932	3.69834017707322	0.319941980199945	6.23969184461968	290.129910686500	0.0118636535583918	4.14849564463538	0.127547806472042	1.71108953290920	176.582074823925	0.00196244946798366	3.84800714874768	0.203219224731944	1.75932597602881	-38.0641080605976	34.7913630208642	-469.612271342085
1.74386879876558	2.41014947371022	6.03835559794231	0.219519571107079	3.95511905489776	4.04291247953696	0.226833079963605	2.96728674752743	0.143540419347257	6.18426394666917	286.578852454078	0.0118559354073534	4.07477209345295	0.133472578718568	1.79441480942038	174.324683258111	0.00195287142533887	3.79952503183901	0.190179895191304	1.83710480665690	-40.0090687698776	58.1428541687675	-477.911842287019
2.26413225986977	0.591611956546250	6.14251146775892	0.0768619362503641	3.06800949106359	6.99693965820943	0.115119150765541	3.56433645898240	0.409071801621080	0.696426612829732	288.465560233866	0.0118484486723237	4.02026162969501	0.119203169072962	1.85355162876601	175.368186270444	0.00200363798068924	3.78138269232909	0.181895136636699	1.77856324050882	-35.9395394454714	88.0723090598979	-478.596009596977
4.74619204917093	0.103747985750456	3.52619222551397	0.381282579293491	0.946982927492038	3.25158205306412	0.0388291465389701	4.80516718440531	0.0425363017869915	0.230350592551911	287.246991659945	0.0118633693319400	4.17611950523090	0.128402854712818	1.67167293879127	175.445440168694	0.00193647381718601	3.99427147662805	0.196136574893958	1.64661106826174	-40.4088637394685	68.0648355056932	-481.250201759405
3.95500785969595	0.699327737635638	2.71811563881940	0.213584175634997	4.02397778268153	4.04311681722966	0.0957959286825025	4.07359512773684	0.192282987949390	5.97666092301120	287.255697993856	0.0118518067029695	4.14386963365851	0.133255158796015	1.72301393258326	174.098776633643	0.00195463590255859	3.91675820508012	0.189481822320727	1.71339006732893	-40.4940729740808	69.3145997010780	-482.901742339891
0.0249023809031599	0.195057029669761	3.60505676049898	0.0826762336880662	1.95852820525747	3.75618194905758	0.123119855330653	5.32236147116216	0.0872445690529384	5.64855456991261	285.920540614521	0.0118621790602688	4.13144759629211	0.133065624091559	1.71381029295371	176.589167765307	0.00195428397650796	3.92140895447190	0.203843717798958	1.71492496696983	-39.3380812591315	58.2497276302581	-479.819280221901
3.95549720492140	0.197058082507142	0.162404502425710	0.135511844702691	2.17879940049505	5.64218578844136	0.137351603592747	2.49935664139480	0.0171534625085037	5.42353596541132	288.209750158176	0.0118583015290728	4.19800334573402	0.128211390034833	1.65980160727275	174.026949299388	0.00195344222711837	3.90989270482027	0.191009493602255	1.71121701518641	-39.9211000557700	34.0989894220505	-468.637909605735
2.47496557691072	0.215231551870905	3.15072611651162	0.100101749793406	5.79419385785493	0.611764349614971	0.0914644720935897	2.27274471737243	0.231712901448617	6.09351288511540	291.254718706442	0.0118600857394866	4.14996424761551	0.127774127525427	1.70989295273226	176.866016011964	0.00194466741200552	3.85907753019955	0.205895177285017	1.76881831487632	-37.7935563986228	51.8242152264675	-482.235241749963
3.24511294887422	0.401375288092870	4.20242730815180	0.253801966595154	2.04659832087719	2.83503919057504	0.148890610166936	5.37015041247756	0.136947412509361	0.252450667087806	285.516751961125	0.0118438575127560	4.12821468834256	0.136143759720666	1.75336283278154	174.769112370473	0.00197717546446740	3.76697614860710	0.182679858144279	1.84409183999902	-38.0504046386324	64.3409555795367	-481.319539861022
1.43363519775879	0.693787218227477	2.86161040213620	0.0366448268795935	5.20974708382046	0.172301518247931	0.0381856202854376	4.14769528641696	0.182688503863396	0.123857239808207	287.736851360906	0.0118601542206949	4.06189916522846	0.128564938753582	1.78746212964524	174.078953606716	0.00196657648058613	3.90874678868895	0.185554883951841	1.70709749799949	-39.1023344352669	61.3246110848809	-480.245556850849
1.81694785078757	1.11719686854775	6.02829793559507	0.176266277165095	1.52700908534482	5.12813531170099	0.137245556217665	3.51276480912194	0.430629235420353	4.56137381919072	288.516695346038	0.0118580523055040	4.13532725802505	0.117568640862331	1.72304495813199	176.517023874020	0.00193033254364945	3.90678433618260	0.210713539964874	1.74250695790390	-40.2741436985240	37.3607702060444	-473.112779576860
0.622746014519268	0.0707523983530063	2.13561457441263	0.535715992896702	0.654662901511738	1.87227516494780	0.0334295277443514	4.70017751449501	0.0479896393144890	1.40649494428628	288.814752756655	0.0118557866825163	4.15991339961204	0.126239967363847	1.70419250309185	175.906736044164	0.00190816813754761	3.92140461900657	0.210880288764811	1.75126973734853	-41.9044676479421	59.5025455059185	-481.508692791349
3.15575606283262	0.137467532083602	4.04517650979661	0.0262844924344753	3.34670701551592	2.28347242698360	0.0276219883016130	5.82490206790108	0.108960464807652	4.32202715973270	289.478833085455	0.0118611776436088	4.10727988472400	0.131738731567090	1.74552200087961	176.874565444553	0.00195651618093749	3.85172030128949	0.187047609016068	1.76878999236491	-40.3847537099969	46.2799574649488	-469.358078340684
2.78329032367801	1.27357550713807	1.04492328106846	0.0784887270336800	1.48993960141116	2.99685436442713	0.0178430014305973	3.00569244336204	0.0408786191081608	0.408400478781339	288.472960009605	0.0118585540586740	4.15490394116133	0.132675195119315	1.69496955686024	178.449521029497	0.00196044350792623	3.85062276787736	0.196560969734870	1.76462054618901	-39.3295762950367	53.5848718591403	-473.249914895487
5.94077758769134	0.137751071510523	0.550906633408643	0.0832247746278453	0.398017350096293	1.74739402200158	0.0315842448803986	2.17576692828910	0.0894062624610078	1.33135015134356	287.630044292380	0.0118505187954886	4.16320170108134	0.128613591148994	1.70997814931018	175.480240566376	0.00197698210369627	3.81472434532241	0.188572697579994	1.79264119455899	-37.6558227568702	57.2880840095760	-472.534999849848
1.56642833710913	0.741785010044505	4.00405678357830	0.186408717147677	0.902815771231361	2.20820437150205	0.0283632899730810	0.546852284607577	0.113767378107844	2.13667238028850	285.984705801805	0.0118547907196575	4.13045403878079	0.131129872687669	1.73030999665787	174.611913745629	0.00196674700216106	3.84619001513727	0.176915227201113	1.78089423928397	-39.9686854780922	33.3355655052683	-481.706164039642
1.68024992415016	0.244105515629671	2.02485034514462	0.123232988306990	3.74600253084439	0.978681668132537	0.0502547500053275	2.37338456370061	0.00539530581346029	5.93287074534653	287.938896108016	0.0118513122190502	4.14164149967521	0.131232738966807	1.71847362285246	176.130181998799	0.00194368599666391	3.83589283176005	0.185952472961668	1.79553080779380	-39.5263970058301	56.8216147768994	-481.134228861756
1.11793736273300	2.52700333576705	2.65984173751416	0.672471246597839	0.353794332628217	2.79969018006862	0.140572026538132	1.83527062136880	0.00984945960458920	4.26196399288523	287.031726855409	0.0118511007058885	4.12892565219604	0.128569694916749	1.73073064447651	175.098624286965	0.00200672929327256	3.80832788304445	0.176486327281850	1.77498572849105	-36.7985739745450	69.1843238827119	-483.801026617793
3.38845653729755	0.314826400535599	3.13641913300173	0.213115178719182	0.275314569678714	0.609218593672845	0.0275156676412699	5.69215058558693	0.0784736377054468	2.58452137611134	287.920004795051	0.0118488997622787	4.09538441963537	0.138472478895955	1.76776781669238	176.710887746995	0.00196630389508664	3.84077676583741	0.188134776271680	1.77706455679689	-39.8589382490858	44.3593754470884	-475.025597134328
1.56999090399425	1.36736064387753	0.123998211463511	0.312002236130433	6.14512425232357	7.23491859277540	0.114939799407500	3.32475711460159	0.610627184142988	1.03210351028525	287.011032106274	0.0118484262954130	4.13027871195363	0.129839983277109	1.74255787128084	175.777673736149	0.00195260128667729	3.84829044125451	0.192548496280532	1.78416866742529	-38.2919030328015	43.7521606962059	-473.346429528963
3.16442441157720	0.137051272424855	4.71640206610470	0.0987794247076644	3.72167479660665	3.30997532149771	0.0386380953680542	5.70731791256095	0.355187206802065	5.95402229865252	287.796063673856	0.0118494576655998	4.20049137770067	0.128890249900279	1.66420299112850	172.395600025601	0.00195096205466304	3.86821149756050	0.181171182065439	1.75769269053080	-38.6767967731843	44.7838792873251	-473.634216861393
1.32489389589512	0.242371402698308	0.529612502131032	0.0936134619825513	2.87791445364417	1.43584807265761	0.0325885890745395	2.20290153779562	0.156788487224498	3.55931242200932	286.969230983166	0.0118535496857278	4.15649314052020	0.122084637753455	1.71295683161224	173.406377943182	0.00197486040479248	3.81269140541817	0.198233565016433	1.80183857021613	-37.3694369122181	55.0387963555277	-483.474233790287
0.855044253841515	1.35569337407557	1.57046995088374	0.149073024179925	5.99438721931368	4.70528766894203	0.115403418729105	3.85247594879833	0.0656693824165871	0.0458974377793964	286.757627489361	0.0118592745308664	4.13242555802196	0.124775662062088	1.72868657205313	176.607457123692	0.00195696902114707	3.86822279796010	0.199747447566805	1.76185668702431	-39.8716489303744	64.5583276421149	-473.362535521906
2.20771042894566	0.314043930596101	1.86545519437686	0.152378224744063	2.42628956919657	2.19430575378478	0.138408844916668	5.81487174030342	0.203965650318090	0.314140201171066	287.090451395877	0.0118512874077005	4.12882346492713	0.132872319937000	1.73825475520092	176.408921499240	0.00196390287940876	3.89045337845937	0.181254734558497	1.72940933332292	-39.9166034094997	49.7469529780264	-471.603345495514
0.0304667891842030	0.382940438588762	4.11611598074392	0.293907680413052	5.22773956534920	4.56165008424560	0.0391586500170890	4.38407928063139	0.214552288329438	0.582345138737059	287.748520328763	0.0118557604472568	4.19324304046937	0.129589783903237	1.67424181948526	173.935472194699	0.00192992232584970	3.88322186444875	0.225366289448457	1.77493047104791	-38.4208407382440	63.9174057173987	-480.958290719936
2.80144681742300	0.323006772503798	2.73388601288901	0.00138402886482565	1.64399466537163	1.75976868259907	0.134689256480323	1.87649308285132	0.178632112203584	0.148087498259544	287.255226952133	0.0118548380230405	4.11179365536390	0.124845935111193	1.75026007196361	176.412715062682	0.00194776054919361	3.90235775956205	0.196803680519094	1.73977666481260	-38.7050502445193	55.6968100061219	-475.439616232070
6.08671171101277	1.27339424857503	1.10021865755557	0.255395629079438	1.87333798668423	3.77834098394348	0.715122505748794	2.52765043633598	0.0205079389424360	4.61101125349583	286.125204819383	0.0118574331703244	4.12123416092661	0.127176623423338	1.73790362248768	175.089874308571	0.00197130125142167	3.83089611945125	0.172539040618638	1.76941299929718	-38.4615723406697	51.3058199670622	-464.244953058157
2.59398092111001	0.137895890535543	0.159060540248037	0.135384523060344	0.627138978207876	1.04584847171197	0.0264084682924438	1.42216724842928	0.111881246925487	3.93646906567868	289.775662110292	0.0118558177598975	4.16556355337323	0.133639612392682	1.70007372418723	177.104512356347	0.00194414841031309	3.84428148713172	0.203246500374592	1.79188143486767	-39.3283224593891	64.9823827567895	-473.572438132687
1.37710385885374	0.0559462168912382	1.86132065544846	0.560011839923044	0.482970992325664	2.26231406004123	0.0174535121106400	3.98568844859505	0.00380968178514297	1.55162752632992	288.565500527878	0.0118551574650809	4.19473358935100	0.132795822583180	1.66951549788488	174.581438070285	0.00196107481929674	3.88054450499722	0.189227123875275	1.75165346150722	-38.7969161978297	66.7859684112794	-479.562166172412
4.86161438412431	0.571044087511816	2.69720298049718	0.270793092042687	0.582196340320560	5.30634528066802	0.111277136141199	5.52464864406969	0.250269608952472	0.752653273353009	286.243702408181	0.0118598129142445	4.14032930362988	0.129526208378425	1.71896012663450	176.108843282772	0.00195912662037840	3.92016302629755	0.195580869696154	1.70508939350406	-39.1733116216634	54.8507150926887	-462.739050476430
0.571167679700387	0.115632205636796	1.77658753011781	0.0935321630220486	3.11791769301121	5.05349543319915	0.0322197079728286	1.20694889970695	0.449612950166449	0.155831447444741	285.729361688653	0.0118535877292680	4.12532343295523	0.134235134530810	1.73708390484489	176.722477778401	0.00197677511074259	3.80674954099090	0.194897459609359	1.81025347958038	-38.7713381201639	62.2628461708883	-479.005210276441
4.14698782030329	0.115339310102971	3.99838455685719	0.465179815106826	5.21363152678193	1.33295139910381	0.0310857962475029	5.73801669995862	0.336562607114227	3.38324593865535	286.984458329112	0.0118563975827105	4.09847065774109	0.131714984511271	1.76039021024788	176.996361416598	0.00198871047610215	3.82732547324799	0.190657457081816	1.76568864654335	-37.4421695901575	46.2977899256256	-472.843901392289
4.40587515644194	0.115146097627803	4.88280780883820	0.150308087739885	5.54185161741894	1.85956420194946	0.0180377887966165	5.60310046663971	0.0281659316490000	4.09799419930010	289.543716945617	0.0118534461520982	4.12808840074590	0.126268039523721	1.74019607090383	177.686506842539	0.00199603941302718	3.76151181015319	0.200164054921461	1.81680059869839	-35.5430503828317	64.8125125336382	-474.006460259133
4.36195820728267	1.27299249371555	2.15693070555130	0.290934442899717	1.50238375069129	5.53855688519873	0.115012924919390	5.28017459535378	0.130489875636353	5.22925040929588	289.375087900118	0.0118557640949943	4.12774725479469	0.128726143202491	1.72881278937425	175.278346782977	0.00197915488108819	3.75216775615737	0.189070358210218	1.84259357013807	-37.9892639354439	39.2271036936424	-466.927741158873
2.74824012443563	2.16830360427933	4.71620853738293	0.00787425110376233	1.52318682687141	4.57047575475620	0.114905529462737	0.0284263311115256	0.0423634797226531	4.59083964871516	288.478769301530	0.0118576180725753	4.12691971872432	0.131604938206549	1.74046350486221	175.870266771426	0.00194681452096417	3.85145841857536	0.200761595953095	1.78733685551791	-39.7126345979627	62.5388142405042	-471.816530995976
2.34767348790052	0.659356496662564	2.42598001418584	0.0855455633074343	4.71124413160334	2.57988003429139	0.115043896890835	3.49380827423769	0.0747544383311124	0.846645181717799	285.289492952901	0.0118588246814311	4.17398296798758	0.131312854982256	1.68453932223501	175.989971936354	0.00194783438625441	3.84709998026139	0.201233680535698	1.80012591469842	-38.8068962284890	29.9083687890078	-475.126679544510
1.61782752652056	0.490565888656245	2.64179210479715	0.186695880065336	0.177031845922699	5.50822291526053	0.110809920065768	2.04714268247412	0.439680727107403	4.83930377831346	286.901730340320	0.0118595960880430	4.14721737317451	0.131191492618525	1.70578235715252	173.569607220658	0.00196017127328732	3.92437362323241	0.194123114605857	1.69303712184488	-39.4496601218558	57.1023803272437	-475.046570972525
2.86113821433018	0.990197013464275	1.44719501456539	0.0468944285432021	1.31140353536756	5.76336789298925	0.115045570463414	3.94540493605960	0.346757079329808	0.483393280032890	286.873717683468	0.0118633431067551	4.05616471226688	0.124392113233461	1.79990302145016	176.382061426535	0.00192014525009756	3.96671413670005	0.210867778748779	1.69770561332248	-40.5956816599070	45.9698423769388	-469.052641227121
0.580829529755097	0.641306859914270	2.92070815475496	0.235094585133517	3.36093198876488	0.713232621356274	0.224815454406479	4.51949985502245	0.0816326553808358	0.503679129039718	286.738775597215	0.0118583287310099	4.11335874277460	0.124925905972738	1.74303465210026	176.536978655443	0.00197887545289402	3.83978985159825	0.192609016882363	1.76441944095256	-38.5390654552227	73.4720319240054	-480.023765292073
3.77565109380444	0.332257717500145	5.54876206467896	0.241733297147677	0.498676187643618	5.79375715904090	0.137291417646419	2.58739933419953	0.000329125734286786	5.80381591520243	286.593466081317	0.0118446479424492	4.14124780363422	0.131115356675091	1.73048644202281	175.186145963778	0.00198111924830469	3.79774992748670	0.185626182176663	1.79701425716390	-37.7094296702901	38.9484022742350	-468.891745304950
6.29846728102075	2.36864748162448	1.20435302636469	0.685343775985739	1.81188912974887	2.66421920034439	0.231445470065145	3.48694819985592	0.0888243784019247	3.79661302094505	289.121125061289	0.0118547944782269	4.13650707809357	0.131426185395910	1.72700352056661	172.253377713134	0.00196836381661569	3.80771137644160	0.190076754159853	1.79121265791793	-36.9883434759062	61.4242117474436	-474.044625839107
2.55404625312535	0.314388610745454	1.09860453048114	0.129041340298308	3.41109953675019	3.23861479962063	0.137168457053942	3.91635232101548	0.349056353704147	4.58042176874487	290.007823110878	0.0118546496687775	4.18743377656743	0.128724047318677	1.67584786633673	175.583431906122	0.00194649522758507	3.83104724825894	0.202173772853631	1.79502204096610	-38.6960729846670	38.2115160270821	-468.653682337180
2.84692163354673	0.798624119961058	2.42068990385241	0.0529240206932275	0.950190996837346	3.06123432159670	0.196045238094090	5.69160205043072	0.192726077918649	4.86731022307502	289.901586093166	0.0118695948017267	4.09939081351827	0.127913600475153	1.74927046463616	176.489969805046	0.00193660555546103	3.91580376927886	0.193703041725341	1.71729582649325	-38.7049723580565	58.7561294119260	-483.440254357759
1.79721412300023	0.225522491792323	2.14798875696818	0.0227777069478888	2.60300957153404	1.88339524378743	0.0656903809491746	3.61198679512261	0.525192947945002	4.31400702126417	284.292771102792	0.0118618720074017	4.13069812238583	0.131823220216963	1.72472152060769	175.328389367620	0.00194384140633246	3.91532551011577	0.194590883035963	1.73267196703851	-42.0399802133985	61.6686294796054	-482.042951190354
4.21639237650418	0.138036756948520	0.573530245103315	0.0975514416961376	6.28288549236195	2.11677639590854	0.0390292972947865	2.85977974622479	0.0972886162919668	1.96112349810619	286.740449742471	0.0118591301414567	4.17789467198967	0.129478343265101	1.67452305894605	176.012553455195	0.00195989913885881	3.87256095316888	0.186290658341841	1.74065364412825	-38.5128041708526	41.2195772208899	-470.888207502605
0.860119213367155	0.732701867825376	5.80549556014136	0.0728198147588026	5.38897326123176	4.08489876992515	0.138339710513540	0.743556087790118	0.153882338945807	5.49811856819485	287.226291185895	0.0118513660440008	4.13843694013978	0.130637943011043	1.72945198703735	173.945226253303	0.00198970740417136	3.83940444539517	0.180208842935735	1.74248508886651	-36.7453411837321	61.9643749401021	-475.420075396158
4.03846019941307	2.07043326837280	0.885030818195172	0.200635061153481	5.33049935269564	4.22044712026680	0.114648399305570	3.91485660109906	0.282437568633861	0.696684297559825	288.459425633453	0.0118521150268958	4.08877216268739	0.129884359638724	1.77208692029145	174.422045569499	0.00198090230558769	3.76110563684099	0.182276260493662	1.83249359260707	-37.3287334450877	29.6766924380208	-472.919220744759
3.61191726994730	0.388969071773203	1.79825208674250	0.0768770820764800	1.65314267927556	3.28279205772732	0.0568818091472090	6.24595020971769	0.0554305903146644	0.392065034486153	289.806063007416	0.0118532423778142	4.19022704701091	0.120555603876234	1.67834422708677	172.134139354063	0.00196179221349419	3.89366272340290	0.207943608677314	1.70521291726683	-35.9908945552622	66.1232397353120	-491.918453865501
1.11705312189291	1.22646531464379	0.0878003787218977	0.260505996422014	0.00534324202339732	5.23670219237823	0.115584181466235	3.27648617641712	0.510970908755308	0.553954373366053	289.135877646382	0.0118542362761715	4.09861146262114	0.120509965050564	1.76194818038500	175.104501908726	0.00199703417094982	3.85960068512823	0.160282824704851	1.69940262103583	-37.3950892583066	49.3530014737313	-471.647730445460
1.82833652605847	1.15987780445545	5.12510238998519	0.000824896191929730	1.13968112053727	4.38706417623303	0.137694713714730	2.23205425649060	0.0658402210486540	4.93354399784029	288.107633183868	0.0118626407605824	4.11465999290002	0.133183979949674	1.74307159564245	175.133116532509	0.00195716828245264	3.83658602941790	0.192789931264450	1.79475713547418	-41.2635087859327	38.5091986565970	-474.556724172288
1.45513115731830	0.470318957314005	0.695632207882504	0.0966056285381933	5.54254114577351	5.68704902010959	0.115346704696480	3.17370593152108	0.123669831514412	0.709223773282023	286.162991134644	0.0118568480783570	4.11234409453275	0.126092750577204	1.75535870490728	174.758100303088	0.00195935053007058	3.82564813425344	0.192984892972285	1.78666718952275	-39.0877129378352	81.3108728520463	-475.668690428995
1.09512309168538	1.16468633136482	5.65096391616123	0.000921510649922980	4.24655794006085	2.40624698353293	0.0787438877962124	2.09210257770644	0.0375554644617399	2.10004049693524	286.828367221942	0.0118553308098349	4.13326646927224	0.131813344105570	1.73408430033955	174.255850807487	0.00196634512823876	3.81074646363663	0.195115427100486	1.82338726035504	-38.9105911958166	55.0579575404847	-476.757057801687
3.44028520839366	0.836394955683353	5.12100514293440	0.00370907839542294	2.89747946464093	5.48065745266865	0.115234219521116	3.32103679278593	0.473462095753499	0.639687618927396	285.582565267988	0.0118628981639431	4.09352278952236	0.125440968423961	1.76156111858115	175.439008867156	0.00197376376835857	3.85412021953250	0.187327420905790	1.74725551592391	-38.9086815807016	29.6151841157447	-465.954602078918
2.35870384659778	0.618445155450751	5.50718766406841	0.423831668327337	0.660255451673680	0.141134401858670	0.0714021432633864	4.84818406447575	0.0357897432804459	6.24488211383271	287.565322497619	0.0118520968239981	4.12465891977994	0.131037653638556	1.74026114349589	179.369374598113	0.00194757802655943	3.84086041097008	0.203791849091030	1.79599985596105	-39.0511518653497	63.0551843182188	-481.601405024987
0.240556993948630	1.26147711858220	6.28025926338478	0.309573983993255	4.13186462370773	1.65209447375775	0.189697199220805	2.26779622854041	0.0816805219741710	5.30375635584385	286.709316946046	0.0118479423079221	4.12257579302835	0.132833594316300	1.74667768143112	177.780723547670	0.00196147169005958	3.78492999909667	0.198717308303614	1.84594714788774	-38.9637833480709	72.9736815331067	-480.476804549730
4.73212398722563	0.989606766286794	1.07383986071809	0.103616966601243	2.27098052617171	0.317468866935606	0.114883435128086	1.64421380132453	0.0798150463739839	0.984883170264244	288.401437537599	0.0118515061238102	4.10583672264875	0.126658418437535	1.76240811205340	175.784747791254	0.00198453579295377	3.77917955167087	0.188766129447910	1.80774193385015	-37.6989043577108	70.4307325581211	-474.653809501500
4.35649277676680	0.114970611253215	3.66825285681141	0.127656760981820	0.162830687321988	1.12869521080084	0.0495878354876428	0.152883499614686	0.0706218447652550	4.33959914972842	286.465043848597	0.0118467012494036	4.10401604250771	0.128594560178626	1.77192939820115	177.120234482477	0.00195946443915798	3.74926236624560	0.184704056401165	1.87197311021941	-38.1701511982215	50.8196162109721	-476.772347083153
2.14264069360498	0.246775329102199	3.92666132199668	0.277435083672555	5.49702450932784	2.12411354850601	0.147316701003484	3.82258887647747	0.0352684638909272	2.12179267964682	289.044902646427	0.0118510603008655	4.16889628071489	0.130498315037376	1.69904416418199	175.048742136733	0.00197840658334768	3.84716550852673	0.186525263528502	1.75459614050534	-38.4431942720866	38.8999259349071	-472.551466985509
2.63481481377579	1.57438079624634	5.26572711142604	0.187040427342234	5.11977998865880	2.71597791110448	0.312575253371499	1.39496228648743	0.104116074685359	4.12711103964259	289.949440916880	0.0118597637581707	4.21258265700566	0.139123318596380	1.65340874435494	175.636202115625	0.00190215069399608	3.90417343961733	0.227668940154324	1.78949211188997	-42.1600606495342	51.6670847890339	-482.381656213960
0.801274476133197	0.138560948060347	0.539244365465255	0.100309160341035	0.380635390248754	2.65181700088260	0.0393696235801037	3.01673319820232	0.0107953237250373	1.87466611394206	287.800410095480	0.0118539788923755	4.17445911211982	0.124382263687097	1.69586846492245	177.875865264066	0.00192303782339873	3.88404874352781	0.198790993035670	1.76559655023049	-40.6107666990132	56.5754808151261	-480.140989497037
5.61444809066402	0.314521974636808	4.65413286204747	0.110253366175164	5.97739325417529	3.69865027725280	0.137837460595663	1.79458303179707	0.129477278699082	6.09674668612124	288.373015460827	0.0118545982963984	4.12055778975196	0.128865552657641	1.75219367419806	175.613927781301	0.00194210582014116	3.82812821348783	0.186733919435789	1.80666920938625	-39.8360959775194	82.6254568271812	-477.445261416933
5.06315873402037	0.323184254367873	5.24610265234402	0.0754691410266881	4.61357678615374	6.32717998469948	0.115711375946631	2.83606357646664	0.226258404304152	0.421199784158688	285.992060740231	0.0118645506844848	4.14715908212321	0.130253003081300	1.70620291667769	172.680409201511	0.00199623843276191	3.79030570268957	0.168558343448151	1.78336105072097	-36.7151224887454	77.0134903464418	-474.395203399258
0.643773976516465	0.334251088759423	5.96360414123901	0.104672529634887	3.31726437909483	5.11339322002183	0.189740423942122	3.33183604600565	0.0913174442223253	3.84446215189797	286.812889405273	0.0118554554497368	4.11328244524311	0.132022171344640	1.74710710464819	176.756567478699	0.00197976440947298	3.83758214049170	0.186128307919052	1.76475381568479	-38.4152527344541	68.2077550353582	-479.402866087086
4.31360908678849	0.570400634271343	4.85730680737775	0.182051608688922	5.18594803322625	4.89939312651076	0.114957916418372	2.87570582179540	0.181236581163498	1.36549467768605	287.818570048230	0.0118528676676556	4.13745116248669	0.126170884337463	1.73170826803914	176.317485966797	0.00192434263329229	3.91865474418528	0.209082951670831	1.73451366977167	-40.9751049115527	34.4651469393907	-468.274262443670
2.92422448490177	1.27312771775857	2.57978199337496	0.0863247022421572	0.982382748157658	8.99410788678219	0.115425587411764	3.71995538999323	0.638910624068492	6.21650891588627	288.118349274847	0.0118518425442251	4.09716107236274	0.125424890828620	1.77184246816025	173.970849243840	0.00198965785143119	3.76242006279802	0.185352448570070	1.81644697414156	-36.5503413028706	40.9745103863621	-460.085637422550
1.86777039142332	0.842557315214479	2.46816796323699	0.417847124266424	2.46719672469276	1.71562575680124	0.0277250443963416	0.344168136130945	0.0158500904032808	3.58482555718590	287.744228184227	0.0118501422026594	4.13159917601436	0.124541667525206	1.73673938475286	173.952753108992	0.00197426144318853	3.88751038479720	0.186315426420753	1.71047138641358	-38.2363206068058	82.6425091666223	-481.527306489361
4.92750896010454	0.151930947201234	5.86547879280911	0.00588902766245662	4.14434563496066	1.20421372541187	0.0194390343201973	5.27577924145259	0.170928075045053	1.55802997631031	288.288661812405	0.0118562122427573	4.07701072744559	0.128822109502648	1.78893125938441	176.064282222121	0.00195392144060847	3.92519485523952	0.206419549897580	1.70936189534649	-39.6605894379292	59.2050167780170	-475.483774773317
2.68984617268704	0.700039927533652	3.59078534484623	0.300848514127948	1.83526841183550	0.711749990685792	0.162478061767065	2.38661938453686	0.344174554505937	1.32936602755910	287.976794793040	0.0118673037288864	4.13477292612395	0.129698674629597	1.70483487330933	173.035651846051	0.00196600562754538	3.90921673628056	0.176866675639633	1.70963481856419	-40.2076006433386	56.1899455912721	-482.802653566440
3.92144803557495	0.222271983023091	4.23269789575804	0.187971291743565	1.79909074215755	6.83004590147453	0.115290975165261	5.60905956103471	0.00640594125339962	4.61738085048956	289.097998188328	0.0118561792387701	4.09322847296028	0.140193254289524	1.76734023557241	175.653757885551	0.00197223653057597	3.75947050209012	0.187308571381000	1.84092453194391	-38.5814959348807	65.1145197502545	-473.481541735799
3.82596112442427	0.990540216590645	3.84166073209608	0.0737710667805616	4.33195039500753	2.53625469726873	0.115854899436950	4.05561405575470	0.0723842584044435	4.71386208139971	288.742482254022	0.0118598935735631	4.08174396265845	0.132379895575944	1.77790046363774	173.841605925776	0.00196390469932720	3.80236528826372	0.186480230402927	1.81675377368333	-40.0255196938458	43.2292607800832	-473.652854561386
5.04710390097869	1.94368612180549	2.09793895896811	0.299356752709317	4.82019103882708	3.84132292233148	0.115614402504087	3.45190370535471	0.0915096730647238	6.14231453780339	288.443773765964	0.0118587129758198	4.17699647110653	0.132268119790323	1.68405219472475	174.355315841272	0.00197103144731966	3.76136568591400	0.193612192739217	1.83581368679836	-37.6679259457034	48.5838090579265	-469.561724926492
5.59158812458703	0.114754337310729	2.63784263013540	0.133589342354737	2.19319063344470	0.688715369021249	0.0311388532826612	5.05199623538029	0.0796611216439609	5.10716626843326	285.337077085276	0.0118489452991786	4.16385870435746	0.129753939784252	1.70686140264356	176.359547281222	0.00196143041866977	3.78259247038414	0.208856465271814	1.84658136668711	-38.8222795972637	47.4875176908557	-474.893933747635
4.06638438000185	0.226904523143165	4.93608626597862	0.229238473414486	4.82872424495856	6.47385751380366	0.137931708791037	1.22059167147522	0.0880356098516442	5.84271765806522	288.495176495835	0.0118546256261322	4.12612428314142	0.123648504421775	1.73661199487823	173.670623254117	0.00198152066123107	3.84340228071779	0.177293428978261	1.74443982121935	-37.2989447799884	50.9356694814170	-468.190325084773
5.95461603692551	0.137743146641052	2.42761996101485	0.155265169558340	4.38524381279821	2.98511926380474	0.0326777012108020	5.28142451500006	0.242692781820623	1.54499421792560	287.002124168909	0.0118622501571618	4.12070083821529	0.126419800870339	1.72312110582923	174.282929609000	0.00198241387176798	3.90517996182873	0.176138608269015	1.68520148615505	-37.5249962852460	42.1753777377646	-474.273806197622
0.203104927366666	3.00129889136454	4.54432269390950	0.458860456106943	5.33911986051919	5.75671597782845	0.760880254997825	3.24378047269087	0.161903871687353	2.25224829466298	286.125500966585	0.0118452644684793	4.12642377327450	0.126477504351834	1.75145146938338	175.468398626076	0.00198070602331759	3.76873150799247	0.192870627509426	1.84046765686359	-36.3983137780485	59.0134872971259	-484.438413741692
6.24037334451065	0.115455961659203	3.41640113876176	0.597473825458766	0.170080919029906	0.991438318466040	0.0271736986605725	5.08930790140848	0.149211601265455	5.65993011542981	288.552740221855	0.0118491721029579	4.10982792632177	0.132846718606298	1.76549623259855	177.136190711929	0.00196656303480286	3.75375000766634	0.206070475928734	1.86431444682042	-37.8610697593086	70.5552163508638	-471.962668563111
0.874056761864049	1.96594894142761	4.82449822380301	0.127836497548611	4.25068605768205	1.84071126723120	0.495049549758916	0.359004468881932	0.120507874356337	0.825323031153612	290.273629827546	0.0118530443135386	4.12845748694270	0.135566101831698	1.73536567028756	176.856308468097	0.00193501964700159	3.91122862023496	0.210043861439789	1.74380517845580	-41.2640238032988	64.4341116811686	-482.378160178260
3.39918618078622	2.39975856358020	3.07496003572629	0.414363190447043	4.07686751499958	0.350998875221270	1.08644369658196	3.10201880709988	0.0630713248857094	0.635809134408164	287.737006947698	0.0118625109119311	4.12696110236758	0.137166312032482	1.72927155174969	175.601935549129	0.00194932713112064	3.89546333019663	0.188046878813460	1.74969692488967	-39.9941730479922	65.7992550939395	-479.842904920028
4.99105790475853	0.137824415115962	3.29681953890468	0.120253705828605	3.75760241225377	3.35819681878194	0.0396536442579153	5.64683363006149	0.0385848397922342	4.68885019965512	287.995289841340	0.0118529280320353	4.20231580225281	0.133761073776908	1.66048947345307	174.925593686085	0.00198439017961552	3.80359841550570	0.187250439995292	1.78021312144127	-35.9927884008050	48.9551727230330	-471.165489387541
4.15964688252177	0.394913605187771	4.41262040696759	0.0722203200344615	2.10548202088898	5.78554782829776	0.114430898514336	5.47533107119851	0.0569029158512874	5.77961499168279	287.499735862881	0.0118555755305923	4.10895791663731	0.118040409177020	1.76031748443168	177.864171825053	0.00195734245753093	3.77574078498190	0.196985559113561	1.84277896729841	-39.2854856314071	46.5398001285553	-475.324474867801
3.68332896579376	0.115210226171639	3.77847123731920	0.275002917638994	6.18201632392457	2.08740088385947	0.0176848809352030	0.754419375964348	0.0831596592849931	4.15822865893486	288.553682214996	0.0118566406612536	4.14134623944488	0.132754532636500	1.72510196742593	179.498823893939	0.00192013576444346	3.85456432136246	0.216404502877123	1.82564566804650	-40.8277280558463	54.4952030452206	-472.755787835934
5.44421871414671	0.115310273316542	3.91230140320490	0.465910696504280	6.23119699029904	3.33948922113891	0.0180302336637283	4.39541075255720	0.0982220176992161	5.16825565607953	288.494825398267	0.0118558448574405	4.10406159771594	0.125142455198800	1.75631844074771	173.616735001380	0.00196798271588398	3.87880476974043	0.188257548575405	1.71831385067622	-38.6247619151428	37.3005461141074	-465.850877911654
4.35069187543021	0.114889762712721	2.88280848490240	0.173939525470470	1.63569249610100	0.887405079811448	0.0298213420008564	4.33775528310366	0.0399514371591635	1.97063974710703	289.518930829299	0.0118565430602674	4.12011302854912	0.127055041407834	1.74465076324241	177.261904591282	0.00195893757418321	3.83051109182123	0.201307940792812	1.78421228229810	-38.6709207942682	54.5381757378478	-468.847882548931
1.80880308275393	2.07074851969437	3.56301941021032	0.152190469719780	2.01273856036736	4.80624119516011	0.0154017220703382	2.89592892161895	0.0164391296147740	1.04261441312581	284.404662240232	0.0118520026989287	4.09243345267711	0.131695892896331	1.77164294728032	173.262044701436	0.00194952129720258	3.94395992275016	0.195418746943051	1.70698417842620	-42.3892219242501	55.5395147885886	-481.360288677831
2.39606978383958	1.78834233562875	5.97380453275305	0.326905876758122	4.34010117822661	3.06704724832616	0.134511571145231	3.30210481633390	0.216713514808899	4.92613063696859	288.623895614229	0.0118614093421620	4.13194352213703	0.126276687072686	1.73350332179969	174.093562409276	0.00197107099977032	3.83405486753521	0.180501322743648	1.77699557738265	-37.2545865392684	74.6056407206005	-483.760145231156
2.17628782818203	0.355641452796518	5.33064118424046	0.0273030260012870	1.23446374540815	4.51624775642112	0.137058534847301	2.71964072533590	0.186501271571385	5.59576506248019	288.532841851060	0.0118571842936289	4.14230363745883	0.129338336824330	1.72448431979429	176.810479793270	0.00194473052305577	3.81892483548332	0.197974543464707	1.83015942624480	-40.1130533108499	50.6979933210425	-473.140447674749
2.31106758037306	1.01357523367365	1.73051145294403	0.840030194222698	0.733675725600386	3.34167247869767	0.0264049404818366	4.42318879722766	0.0151933043111067	0.270161450271294	288.250393723723	0.0118579760495841	4.09524890701717	0.137076761443037	1.76212994735188	177.457538919885	0.00194967425851033	3.87186830524672	0.196886412737288	1.76765152407115	-40.7723930077747	58.1916577155900	-478.088846473998
2.82232522273064	0.707146471337107	4.95559330465576	0.167058553482056	2.73240016226664	5.97429313836839	0.115047172902019	3.78350936618692	0.490294119568133	0.104362792423032	287.873509153006	0.0118541386777798	4.13594443769574	0.130650064604148	1.73478277023137	177.073204138172	0.00194001127740862	3.84538935072721	0.221922178788955	1.80882868061000	-40.6362133495150	46.0167339932863	-469.160689724866
4.79583905313537	0.0419597083534080	3.95525055437761	0.0172575996651589	0.783408962495178	4.22639824398906	0.0277557414991620	3.42279238471341	0.148736294640982	0.554591612299163	288.372802461041	0.0118654049568414	4.10150720486502	0.129063004403042	1.75116648164522	173.598706706375	0.00197916087970106	3.88778722322221	0.180622925991002	1.70190504559011	-38.7265891020600	52.1393383375411	-474.742883251143
1.16988023401134	0.429630908811553	2.34276932138996	0.00116600091630708	6.00581054713888	3.85193250626068	0.161577142952515	0.492007792923338	0.0376786906133532	2.83288443670537	288.972074112505	0.0118503742470777	4.13534110818960	0.136253461412918	1.73149013412488	176.932988963417	0.00195230776944727	3.87253742270756	0.215559884709774	1.76060189597292	-38.2713834602973	65.5701563760416	-481.835528119866
4.91944338762135	0.989934476682034	1.74490085068649	0.239409904623255	1.10632936427692	2.08424319993915	0.110657414417307	5.79617801713213	0.0147682862307481	1.58690889037837	287.987512770938	0.0118552881259293	4.09274856588368	0.132140016536691	1.77436661204889	178.576255804276	0.00194207937137053	3.91087774095458	0.197695103986356	1.72286552940814	-39.4987987437438	39.8503346602731	-470.528895133932
2.64348598710738	2.86553867073612	2.87645741045424	0.168155884036591	6.14815014497237	2.57001879244091	0.643001795378723	1.29308394623681	0.0572629964405262	4.00248780939131	285.248757909287	0.0118624682061155	4.11728456562180	0.132385155380834	1.73448983042880	174.385080299141	0.00195434004581078	3.89527490903507	0.183573848680388	1.73698741363693	-41.8831775602350	54.1619044345815	-484.890069223370
2.55012878489772	1.09367978834010	4.51256556005795	0.0480691187493923	2.03833218453197	4.67780414634487	0.115154276453419	2.63952685690035	0.324703491835346	1.60050385636707	288.469419078752	0.0118502266959931	4.10639517231622	0.130137891651074	1.76538013033183	176.363877368872	0.00199235175442453	3.76616067795400	0.183750279403511	1.81696643413999	-37.7141759462599	39.9854078561082	-467.513282812917
0.438222270207977	2.41767386146705	1.01659797308699	0.00318543461873709	3.62756675624384	2.34106002232303	0.299464784396953	6.23429242565934	0.316712470461341	1.83222870129320	286.410793736718	0.0118507290081774	4.13125078075919	0.134800572732820	1.74403078911337	177.051117959309	0.00190772886959602	3.92566655077889	0.214687872099024	1.75969683820588	-42.5194716057140	51.4786595068801	-483.545920436305
0.572120881106131	0.531623922467279	3.09235514552216	0.219917218871726	3.36708084281720	3.84088254678929	0.115200574532717	3.51254170435794	0.276426608105166	0.479087298862152	287.170845238302	0.0118590418518289	4.16430276446489	0.126877088504058	1.69023048527320	173.233796007604	0.00200117974233321	3.85640819786200	0.184985503353539	1.72316212152544	-36.0690866456375	42.2121082157506	-477.062590583845
6.17590499550187	0.111157964308750	5.18053503265207	0.167253352341416	1.43214930052205	0.913265720454467	0.0251844529142986	0.232441171465679	0.0173357741197397	1.88916986888193	286.897772746793	0.0118587968965623	4.11268678209303	0.130912003748102	1.75029100384057	173.529569614537	0.00192277899607349	3.91353099291637	0.192157238042192	1.75077547316306	-42.5337308728956	45.0122643683349	-476.581543005644
0.983982710912719	0.337614489052178	3.38698899920412	0.188089696615775	4.02153806384342	4.40572390473691	0.138002535791626	2.60415636415640	0.136825248809224	4.08497276089796	286.834342178469	0.0118558143284749	4.12217685293630	0.125176993917076	1.74223927560478	175.938184577646	0.00196636262377059	3.82059299460573	0.171899202684675	1.78386052711673	-37.9080996381725	45.3781246180564	-474.939082214612
4.22967761565464	2.78070631240422	6.21124645400472	0.139245702992166	5.71696208080034	1.63704052654999	0.0423073429177901	5.01739414527664	0.275128435722372	5.35310384765872	288.090442319707	0.0118539072162352	4.11548023418007	0.126435110872260	1.74968288582517	173.271531676651	0.00193624560443137	3.87480704866740	0.194118153328411	1.76909646491563	-41.9100719690724	46.8580906456050	-477.447164883676
3.01590215979898	0.0750696264877859	4.51344344125873	0.313129676442207	1.97192305831248	2.04493573497034	0.0179208015872607	4.20149143525825	0.146795775748912	0.520983903265337	289.690211937331	0.0118527708132974	4.13664707494893	0.124925782054885	1.72991181255085	175.523119856631	0.00197261991869549	3.82106049678813	0.176186399614136	1.77564375719949	-37.6890421001287	74.0892540595282	-478.896573363940
3.99420690949393	0.115567238603062	2.89880895269660	0.228175055797047	0.911878841846327	1.14581208550006	0.0180910704832243	5.11970979859898	0.0864369953055996	5.59227565156928	285.862957465496	0.0118526435369382	4.14717784789811	0.129500139628506	1.71001670898474	174.483051731897	0.00200253458165441	3.84430179496404	0.173811983009466	1.72549535527912	-36.7844182667531	54.6728354630231	-474.024738663340
4.23442613689079	0.830584073863996	2.25886446602876	0.0187595644346701	1.76502406299400	5.83661192910646	0.137243545038622	2.11840270163159	0.244753893284295	6.09647253642543	288.511341312226	0.0118470746755708	4.16663066625217	0.130030203124132	1.70643190565304	171.876189116092	0.00197441915228957	3.82547375019091	0.192615072418377	1.78719654230603	-38.1375855277375	55.4994731061427	-472.304834037250
0.584787471324852	0.339802894273613	1.99831858669447	0.0408802517584732	5.14400258692508	2.24896525339344	0.114859953449883	1.72641712202948	0.0794557333350759	3.27854459965173	286.861594282443	0.0118603774108758	4.13710602081248	0.145325007433094	1.71851248324186	172.984020254206	0.00196039992403439	3.82385158955443	0.191977550783947	1.81068121663375	-39.5550573168745	89.9698447508802	-484.802464511110
3.52460586446551	1.27376912780091	1.47227770686646	0.310213467978674	1.10476362941197	3.11649115971714	0.115394282351596	4.12390293209544	0.0720274790443196	5.93191578584095	287.420648878089	0.0118584667114144	4.10107667995754	0.131249231819610	1.76338279801779	175.880749991721	0.00194676015534277	3.86004522118754	0.194490538737791	1.77111216576944	-40.4259775992942	51.1215685450956	-464.811199415379
0.759287380854698	0.238119217861890	1.26841141910011	0.262802206830046	3.15345398249772	2.35493283213903	0.0564428174691898	5.85628530068205	0.126255775335354	0.259411205917513	288.160452155923	0.0118536482964325	4.11284096074518	0.129117166230227	1.75552278520721	174.480525114110	0.00195493216390710	3.90682282237331	0.204878513382447	1.73965586211311	-40.3629665327555	61.8553728709430	-483.885064105528
0.850620008730093	1.90202857665204	1.93876500829530	0.0531189536355794	4.38777975230736	0.869750564301487	0.0320709637214173	3.39209025279456	0.612949906780842	3.51354928617232	290.006156511629	0.0118510783074926	4.17754055292438	0.122945030000075	1.69516085482341	175.535375113104	0.00195911860594459	3.85766654447846	0.197635141342406	1.77523739210138	-38.1992210893997	83.0446901622439	-486.354110681068
2.12949694569494	0.665923809844208	3.08373628982374	0.136905864665143	0.576687762961077	3.30561484073185	0.0287974717565590	3.06710383818436	0.0177418879908678	0.265011193727774	288.456355865494	0.0118544386483047	4.12287847371453	0.135714977057800	1.73495744880096	174.794781496870	0.00198078738174632	3.86205504231126	0.177596171210701	1.74415536533833	-37.7367173233936	54.4439998976324	-479.983644779799
2.78016002309912	2.82083468957729	4.09752178186189	0.148059386612343	6.26099433701764	4.83458764558739	0.115295313042104	3.47354427627150	0.138931095920290	0.355722740274206	287.375720596641	0.0118527638710287	4.10535822780664	0.132910251403367	1.76257423798193	175.028919124893	0.00196663342853501	3.78456035887511	0.188186336384856	1.82979510259910	-40.2667522522669	51.8387923645090	-468.148860229800
4.49266442402779	0.989137600405619	0.519870768036092	0.148107103388313	4.39451629297112	3.29338307157775	0.115434359694307	3.60841098281493	0.271609748086823	6.19123814782829	289.174608633105	0.0118597580682631	4.08666869186968	0.135776583013055	1.76434971125930	174.812972741257	0.00197493958167924	3.81686533570079	0.192516569878027	1.78619092223209	-38.5291325667329	41.8334243622249	-468.053540675034
0.0785344384029615	0.829231324198084	5.12714826283977	0.397681374884768	1.01191967264015	5.02055682282247	0.115338083573013	2.47178086246157	0.133661655243815	1.62159557861577	288.038312342219	0.0118523794052056	4.12445715313013	0.133219906262070	1.74144601521339	176.525951112128	0.00197949196589966	3.73842356364253	0.189374239019050	1.85796224322474	-37.1922050374072	49.3668466664781	-471.900793980853
4.71235120128950	0.226275463678773	5.79405216544068	0.0998901853909023	4.52136955197507	5.16546361001175	0.111341068812290	0.790785964897356	0.162605211994474	5.46347851392599	288.427173011810	0.0118570843338701	4.09043630005614	0.131716687298817	1.76363537612662	175.655159919015	0.00194926416473073	3.86329783844169	0.180982883392308	1.76616407746845	-41.4746621195075	56.7308931691284	-473.033593661094
3.12381912637390	0.0384629284879574	5.22561990864691	0.300575873515951	0.474618285160916	0.981494750541386	0.0174402570915635	5.77460412473830	0.00418050368496159	3.80074240749955	287.727415360719	0.0118532575860773	4.18878803681784	0.122698480816355	1.68487755462019	177.179505832963	0.00195610307153377	3.82586754085491	0.187587024183676	1.77551388650293	-38.9400769108806	75.7775056892090	-482.222772655338
3.79674217455493	0.836839267586178	5.90586206376463	0.192004898765096	1.57147988635812	0.583941529596790	0.0335317385816291	4.32928997488145	0.183849477934172	0.222423615474053	288.611356267663	0.0118567950649114	4.11528475668057	0.129772136421007	1.74158894096514	176.115579929332	0.00194426989553066	3.87214977732834	0.195833214452903	1.75728354935528	-39.1704718494358	20.9208830346759	-480.505385222355
3.59868449531088	0.202360986559154	2.55074816477387	0.100523035861351	2.84878107468650	3.59868999711536	0.146073629307173	0.530039340561632	0.0582770151274823	0.470347142546558	290.874398453921	0.0118584485472149	4.13692865879388	0.131499741841933	1.72696650629527	174.948837937759	0.00191726814039944	3.92864018556635	0.198123244217519	1.73849032976863	-42.3026886820805	54.1140709928378	-476.902224161231
0.958422012552421	0.812897380701536	3.05670207109159	0.196588395218705	0.976666143579573	1.34783621508001	0.0343523353185279	0.370161884765661	0.168017669464522	0.986218890913285	285.773302939393	0.0118528497128291	4.10754492086307	0.130689849569148	1.75550668630303	177.026947929668	0.00197427181178761	3.87331679427317	0.188522040450209	1.73770884123730	-38.0259269881070	46.5883714993349	-485.225747384586
0.0126291173223279	0.209110719074169	2.26163892926592	0.106909246704155	3.81782949860701	3.57721054917399	0.114752700111928	3.77502707232792	0.0601161057788430	0.679228651457023	287.585596154460	0.0118476562291467	4.15738013876121	0.132613973181345	1.71043386108297	175.813764686755	0.00195368596828693	3.79028676019486	0.197348462569027	1.83860181995028	-39.6633259241076	46.5808037671806	-474.047151132930
3.09328976795045	0.114533861791164	5.05713299770137	0.112785850905925	0.862277171375808	0.406512037631993	0.0350166788905088	2.19356874565862	0.128374523740980	5.00921747609861	288.494798927271	0.0118533074942987	4.11547893663749	0.120650359698777	1.74444405719523	174.396383736467	0.00195131743083290	3.88613989966399	0.200549753737761	1.73768069262456	-40.3248524281049	68.1974812833756	-482.555475714350
2.44740285264161	1.41753685979624	4.86354348920516	0.0868086792284119	0.451055708788076	0.848583945291679	0.207032625157237	2.41469895092266	0.124365150378206	0.712227675629559	287.890419927582	0.0118587088419934	4.06253704310233	0.124275204508786	1.79468457270784	176.574080447828	0.00196717062514471	3.86607204051994	0.202102986120501	1.75725516471283	-37.3720882362972	47.1747851875660	-481.719086248565
3.06464127872481	0.310676431388730	0.803186919535383	0.0848425804062296	5.00104745515603	6.33576289670077	0.0149259372037780	2.89386608959695	0.00258755990249138	2.05795748987785	286.085289198105	0.0118569179135453	4.14632430430974	0.135327871753926	1.70125820163826	174.576537051411	0.00197267572309052	3.91655052395852	0.189426609178858	1.68015120112457	-37.6826157807273	54.7364736036831	-473.840104561040
4.23836625921977	0.989643431595132	0.824728230940856	0.110501017507666	2.50370246417517	5.02509875273421	0.115075031129339	2.57844340314283	0.363577062052948	1.76539747389962	289.962569444596	0.0118561481196181	4.10700115387975	0.125639680386358	1.75544264455075	174.269762847812	0.00194384875570088	3.91826346634920	0.189882038177864	1.71875473412199	-39.7606095414456	38.6378130015428	-463.270814543973
1.90616372439172	1.33529121404619	5.47170547150590	0.161617209300451	1.46158098940779	4.94385888878573	0.152121747037176	4.85328314082254	0.300244445367689	4.83517241631198	289.008894559625	0.0118441456408624	4.15044500721509	0.134307618065796	1.72263037280806	176.110915385131	0.00196008536942530	3.81001317583178	0.197522244989999	1.82279107834288	-40.1655827651861	54.8244813986639	-478.762189179317
0.721834543924571	0.333985309540929	4.71411367930450	0.126397957047851	0.195217173357148	4.60634674787312	0.123427214471213	5.40871668272453	0.191989964345029	5.01794468421469	288.165088438642	0.0118522980518128	4.12831131270320	0.127116476287673	1.73931037983542	174.455835995647	0.00196939093853754	3.77674927340007	0.199060013236075	1.83023291649322	-37.3213110713162	54.2122671565633	-475.287047761559
2.42131242926536	0.546185458011929	4.24789450984997	0.0143793092060044	5.25273518076247	1.82513287904431	0.0367515207189389	5.47926886909727	0.0606111105963639	4.57605225277846	287.183456148446	0.0118569648179258	4.17605434046411	0.128564433255268	1.68366367593684	175.034919606438	0.00195439686570115	3.86002024972485	0.196177293004504	1.77112162087187	-38.5478711729530	72.2232777928408	-481.802528815646
2.23367971708847	0.911783954866461	3.35529484297726	0.204282742368966	5.73350681794592	3.97569372473064	0.137763462255682	2.35972455447481	0.00105563480957087	4.81664782526046	287.838820729354	0.0118771333395528	4.17065908322092	0.131166341646347	1.66917433560923	175.226313195570	0.00190357022761644	3.98021078917635	0.204961227369799	1.70020777414810	-41.8057514396903	72.6460558311192	-483.907700601857
1.60391760642706	1.27607686787898	4.03531046506486	0.192000040046618	3.78174354548063	3.21624749327377	0.138178236864456	4.54022459152969	0.0345386775826560	2.37751710885451	288.914973153027	0.0118552341013941	4.13404971797483	0.125007632542831	1.73273897823944	174.653060837182	0.00196139827832212	3.85622189551596	0.186479316768254	1.73915604562568	-37.4091554408679	46.6330339866348	-476.510016232281
4.25269098567264	0.989599336635992	1.51252268172371	0.0722992762807084	2.28511808960983	5.59038022291326	0.115327650422957	3.33395851260280	0.402214869693520	0.636419903922471	288.329483555180	0.0118580031691001	4.08807719973680	0.127346385045647	1.77570430364814	176.435280866315	0.00194130377560912	3.89235611139847	0.201326325003883	1.74565334230030	-39.7231255988602	38.5830268060706	-455.821225252766
