-403.109461069127    -403.498476500174    -402.9983760946248
-403.1116873820164    -403.3524533628878    -402.0655010598693
-403.1139673348991    -403.5977564407077    -403.7338842282537
-403.1095736299002    -403.5783936198859    -404.5751123241338
-403.1125266142552    -403.6848118288139    -403.2173448192596
-403.1119895737976    -403.5123146140781    -403.4471937250534
-403.1112531121599    -403.6846117618194    -403.539833414872
-403.1106973618168    -403.4546941191552    -403.675608882362
-403.1129345424838    -403.4561507170785    -404.6593398316069
-403.1121401723805    -403.6282559762459    -404.0965264344985
-403.113363629771    -403.4231761768623    -402.4199110795382
-403.1140685920189    -403.6400286133718    -404.0422113565718
-403.1130858129686    -403.7839299302289    -403.7430259874259
-403.111679485743    -403.610396661063    -403.669469464964
-403.1124182485627    -403.3852990301807    -403.6761507054797
-403.1122383011305    -403.5749572593662    -405.3695074210627
-403.1111986876418    -403.4439429851162    -403.5317542462918
-403.1120741201918    -403.5209473936748    -404.7440708371388
-403.1137407718181    -403.430647249173    -404.2846177354544
-403.1140961815898    -403.4918454153491    -404.8547085957201
-403.1126275690883    -403.4899008619275    -401.5519297598397
-403.1132001330959    -403.3251395676501    -402.4573872241523
-403.1105869971856    -403.4762564918837    -402.4264144229664
-403.1143481592796    -403.6816761149599    -402.7600958241622
-403.1124585509565    -403.4828198255315    -402.8835061622281
-403.1129260747811    -403.2896730139168    -402.5067072832207
-403.1123630322119    -403.5677380248064    -404.1131987931837
-403.1120996881755    -403.4826934562434    -403.0930580129344
-403.1135835253897    -403.4019257484801    -402.209373027991
-403.1134994567357    -403.6980487711101    -403.6557364072897
-403.1110618409546    -403.3809184298093    -401.7988973270644
-403.1151741755573    -403.4086594489959    -402.8000853319421
-403.1128315390659    -403.7655427600583    -404.4044946377396
-403.1105441611304    -403.533175376139    -404.0363277466711
-403.1121144200874    -403.7802631757709    -404.0864321330514
-403.113098370153    -403.4931336732598    -402.9206038456227
-403.1123691908466    -403.4318243969038    -403.4938180718484
