-403.1134176363905    -403.5292755465995    -404.594807811204
-403.1152910902102    -403.3632215782764    -404.4347793380729
-403.1177061060381    -403.3437838540523    -405.0614085823008
-403.1145212280682    -403.5130846316908    -404.4686323003726
-403.1143465556855    -403.5005370664856    -405.4514672222763
-403.112420348688    -403.3432812475941    -404.2560261066666
-403.1124309554382    -403.4323122605888    -404.2864411146609
-403.1140692483244    -403.4286643525032    -404.2346495895558
-403.1150010501037    -403.4113963036615    -404.6161599299505
-403.1153116181001    -403.3948306209195    -404.5915284028023
-403.1121427023297    -403.4496377464887    -403.8746669857302
-403.1150461548504    -403.5260391370145    -404.4335984242744
-403.1119949007973    -403.6601628957017    -404.3662539925331
