-403.1117151163805    -403.458883908293    -403.5729257246484
-403.113063340431    -403.395588825461    -403.3725598440884
-403.111785718719    -403.6220105353284    -404.1759139386512
-403.1137309529396    -403.4663894302894    -403.1927689153554
-403.1109410458875    -403.5116505155923    -403.1352042904087
-403.1118196976631    -403.6197645892996    -403.2751361958952
-403.109078364068    -403.45397961367    -403.6875127399043
-403.1152370693433    -403.4196385527968    -403.4656949316035
-403.11138929189    -403.4058354092418    -403.541417089556
-403.1114032385524    -403.7085907627085    -403.6075047118382
-403.110190245175    -403.5381745070553    -402.5580762695704
-403.1127421866942    -403.5017170202608    -404.5698121913091
-403.1133026631226    -403.4356414093696    -403.3731179062891
-403.1150001397622    -403.458858676504    -402.4013012625024
-403.1105850574162    -403.476787657526    -402.2540322362047
-403.1139903237502    -403.6029759606106    -403.9986905944522
-403.112572272283    -403.4313725115364    -402.9707258777704
-403.1145567288251    -403.5691790181865    -402.7360804673742
-403.1108775674673    -403.4323344828115    -405.1576737948936
-403.112342618287    -403.5410747840908    -402.9809349618862
-403.1116765514153    -403.5623505945453    -403.4018534245265
-403.111608716874    -403.5033951131534    -403.2282850476936
-403.1154903981751    -403.6527951180335    -404.8477186257672
-403.1125867919361    -403.7688977771124    -404.2953276661274
-403.1108966544855    -403.3340894697037    -402.3229028864258
-403.1139084619774    -403.3507164568102    -403.1943526902881
-403.1117580856609    -403.4517460670292    -403.162907447572
-403.1110608783539    -403.4711619164963    -404.7237177617548
-403.11055015144    -403.4450316963322    -403.3219286746529
-403.1116343313825    -403.6302452832222    -404.1519765624111
-403.1139241628202    -403.4783596574574    -402.9188212318851
-403.112889930138    -403.5358931009989    -403.8019690237238
-403.112127163142    -403.4601198336458    -402.8893177472391
-403.1134422760231    -403.6171405939988    -404.1783530110722
-403.1120064052801    -403.5544326134931    -404.3728252776788
-403.1143173339568    -403.444532472076    -403.87095728486
-403.1109676378484    -403.2570500230847    -402.8718112616566
-403.1115793155627    -403.5580814234653    -402.9235035008766
