-403.1149102930107    -403.3570758458348    -404.1808014313922
-403.1104308448617    -403.4263880242565    -402.2803106071058
-403.1111471321909    -403.3819214809423    -402.8579006970106
-403.1143511455891    -403.6091784142394    -403.729964984999
-403.1117924469736    -403.5136826803716    -403.6418813253564
-403.1131187105079    -403.6444038575798    -403.9346083938506
-403.1137347221344    -403.3873190086115    -403.6633555506688
-403.1125671555882    -403.4962338161532    -404.6657168062614
-403.1131317671715    -403.4560957560428    -403.1136833317117
-403.1150593698225    -403.475780250161    -403.0956972781399
-403.1164525331767    -403.4813724995224    -402.7138374901495
-403.1123762475488    -403.373555808691    -403.1620528366491
-403.1142005673681    -403.5408064612481    -404.0672743271116
-403.1113909317638    -403.5089797493779    -403.5484779399458
-403.1107169564067    -403.5289242213055    -404.3554621023364
-403.1153732032911    -403.6730616309832    -403.3905294932608
-403.1099902786015    -403.639588506899    -403.5475351265811
-403.1131816388931    -403.4665900219306    -402.8495632508068
-403.1124478898262    -403.6403413464087    -403.6453135588951
-403.1133574250657    -403.6722705571474    -403.307682209467
-403.1146479892266    -403.5240262844281    -404.8937336651144
-403.1131527173445    -403.2416952043484    -402.796524909623
-403.1106509921444    -403.5287026793629    -403.6347692054357
-403.1153732757397    -403.6163460956873    -404.7360738247772
-403.1128989092342    -403.5023825302957    -404.3565778993684
-403.113252756857    -403.311567223921    -403.2534595463125
-403.1125344707049    -403.4678414945251    -403.9945688904305
-403.1104960906458    -403.3009624908165    -403.0736216218549
-403.11082680085    -403.5642678845629    -404.6435838580235
-403.1127219195649    -403.4829017270837    -403.7113805770124
-403.1107978153517    -403.5841570611376    -403.8787242050066
-403.114037570446    -403.4396087259073    -403.5179703135427
-403.1118077751486    -403.3069512534283    -403.5041239237684
-403.1134361943393    -403.6085662640548    -403.2488031405532
-403.1151137185529    -403.4911380977924    -403.8681402907079
-403.1110156071447    -403.5440539321743    -402.5953076254643
-403.1120489195991    -403.6515753545956    -403.5847356334404
