-29.95596260376471
-29.94431133544296
-29.92977724177734
-29.95112606764763
-29.91793646106147
-29.95500859869341
-29.93512369638226
-29.98810901479813
-29.96417656616578
-29.92868142006365
-29.88267740832872
-29.92867988842341
-30.02348465069983
-29.99890515994817
-30.00517227252689
-29.97386708902029
-29.88948399908809
-29.92661236848293
-29.98682883301492
-29.91858858620895
-30.1213577461854
-29.95156242140609
-29.90465313409366
-29.99348601257865
-29.90575081569186
-29.95131372271885
-29.98595597717451
-29.92215781782761
-29.97443736354166
-29.90429125765343
-29.93842870867024
-30.01615211109295
-29.90610542589412
-29.91729557209889
-30.03597812241065
-29.94572086289632
-29.93042925597832
-29.92790217280798
-29.9486707558722
-29.9923698782704
-29.9306778237837
-30.00106287316027
-29.9221979019328
-29.91710940220378
-29.90225948504373
-29.86573486554921
-29.99276623145792
-29.97414401078783
-29.88603446038997
-29.94588899419239
-29.96313135731198
-29.96100906765928
-29.96955884947665
-30.07924849593017
-29.93993860379701
-29.896413798311
-29.99116000534631
-29.99277802420939
-29.91180341550458
-29.8996394029348
-29.95635522600447
-29.88726527746762
-29.97230213784477
-29.92930263017861
-29.87235534362658
-29.86615688455099
-29.97606997947415
-29.90812833095216
-29.9647575583006
-29.94579951429455
-29.92971081202569
-29.88343071460491
-29.95345831423445
-29.97252976608522
-29.97771654847081
-29.9270858891713
-29.98026610218239
-29.96155465211964
-29.88522257383241
-30.01251843274825
-29.98678065118808
-30.0445441645634
-29.9957576626969
-30.00500123143608
-29.8610963185777
-29.9294637570001
-30.02019391408665
-30.01386747366283
-29.97794907483852
-30.00865032659451
-30.02016148918045
-29.99866966308721
-30.05944393011426
-29.98212329667822
-29.97926982580917
-30.019733037094
-29.94538377284936
-29.91023513797423
-29.86742706485616
-29.95811909434909
-29.9193256187088
-29.93400223178924
-29.98399178118502
-29.8557479268852
-29.89740726930003
-29.96880780069792
-29.91389667057364
-29.95860948918221
-30.05768031134887
-29.92185880992784
-29.96684069752381
-29.99566074974246
-29.95828606428218
-29.86163070869377
-29.9760555193014
-29.89723802427017
-30.00255689859346
-29.9718057188098
-29.92776768475752
-29.93729257605974
-30.06488537635106
-29.87212627176358
-29.96391606922267
-29.95163880481876
-29.91508152796259
-30.01367885338716
-29.9086240694575
-29.93276503890984
-29.98026921529701
-29.91938768369193
-29.95862579820303
-30.01581315028224
-29.89187756198374
-29.88856851943564
-30.03311822309986
-29.9918597708178
-29.98267647409679
-30.01319627853743
-29.92223915359724
-29.9057291878453
-29.99029147756502
-29.92860083111854
-30.03912311529628
-29.90902949100403
-30.02387685966537
-29.98359996188255
-30.02130038464321
-29.94877670990555
-30.00585741400145
-29.92262780736994
-29.91325021506248
-29.96029974468134
-29.96383962296106
-29.93521538644028
-29.92895613427331
-29.94966996993119
-29.99513136665336
-29.93231224125385
-29.9694263816961
-29.94334163778064
-29.95699808283184
-29.93032679327258
-29.93986184600255
-29.96932873421713
-30.00825864976304
-29.95381049959946
-29.911314254294
-29.93261775549491
-30.03112410512137
-29.93452678354585
-29.92073794242384
-29.95329872100464
-30.01089950520113
-29.98355876580215
-29.87759827144491
-29.94472434565071
-29.90035678529651
-29.95859412144584
-29.97434462142289
-29.93736348979048
-29.9350746583417
-30.01040904347948
-29.94007077902487
-29.91310683797269
-29.89107770733954
-29.96360970641048
-29.94054465853905
-30.00517183751138
-29.99480207351274
-30.00384088375668
-29.912253686676
-30.0467631243399
-29.92059487814323
-29.87385262610655
-30.01292678819546
-30.00086074827368
-29.94801929212671
-29.89719993884192
-29.84817961629685
-29.95685006974094
-29.97643162038441
-29.96223064904809
-29.91854098133908
-29.98361454654595
-29.9356947605491
-29.9270510499864
-29.90593218706838
-30.02762212603189
-29.92939213295739
-29.90969097164286
-29.94378807083157
-30.0152373147223
-29.9400118088005
-29.96689894274759
-30.01407773417862
-30.01695315194284
-29.96923603950553
-30.03369923858094
-29.99945079039172
-29.98393197046342
-29.96071314653561
-29.91002232481468
-29.97636285633666
-29.97848425450996
-29.99336259945746
-29.95417750344491
-29.9485925015859
-29.99994909389265
-30.01520213129567
-29.96204340630724
-29.93464211353774
-29.90180066960136
-29.90000183720618
-29.88102674201957
-29.9217357606523
-29.93732453485458
-29.96450383693795
-29.96614895426959
-30.00212768876698
-29.97973767313001
-29.94204380046367
-29.88961001157467
-29.92661574721733
-29.8979298616086
-30.00664034286095
-30.02499761058233
-29.94193987173728
-30.05280688953321
-29.93703503351553
-29.97857999727558
-29.97102839594549
-29.96705929921146
-29.8752424158879
-29.95677881729507
-29.99871471984056
-29.97562582033554
-29.94011701066079
-29.89649266025128
-29.95172915526001
-30.02169536860472
-29.95598103186641
-29.91555588769443
-29.82187322075183
-29.92571040433554
-29.95776525892787
-29.9641948479196
-29.98180093613721
-29.97764287166182
-29.99650630965758
-30.02404901130948
-29.9802939126973
-29.93203667445888
-29.95939941191473
-29.95686724573168
-29.97180909481306
-29.96831010743724
-29.93635961441376
-29.973881431781
-29.94087870730237
-29.90919571465817
-29.97925052397203
-29.78842088686218
-29.86150992223599
-30.01829661926529
-29.95332733730364
-29.97372243951877
-29.91294205519453
-29.9365823316567
-29.93076963600851
-29.93753766329732
-29.98524981466159
-30.00279154031246
-29.80443788903001
-29.93572888714285
-30.01207269135743
-29.96906048248519
-30.05159617066566
-29.92302664677964
-29.95008042731315
-29.97044692128121
-29.96592968976613
-29.96102015098821
-29.95585004890455
-29.86101645041876
-30.01831357638499
-29.96064063110816
-30.05184484421994
-29.93096526477912
-29.99381392368376
-29.97543858640479
-29.98478274720894
-29.8584853730857
-29.94176817035377
-29.94388074452822
-29.93777951348326
-29.99466015784031
-29.99108914333853
-29.89361380915441
-29.9700924749339
-29.96243064414669
-29.93381761591764
-29.89397972687668
-30.00183933463052
-29.92698039921432
-30.00230135867503
-30.01918694014709
-29.92218437496436
-30.01849594486148
-29.9467518454654
-29.92447261020812
-29.95453621343178
-29.8791474282957
-30.03356009442599
-30.00361869623826
-30.01203486178511
-29.90208143762116
-29.98904032622411
-29.96124754243198
-29.90722276498201
-29.93482315903442
-30.00467835393557
-29.99749530053509
-29.90815660815288
-29.92284879562993
-29.93314192623099
-29.98128231121931
-29.9629634055792
-29.93364472868998
-29.8851824936244
-29.89503439622219
-30.04515228816049
-29.99508999829462
-29.9692286640866
-29.98957726381639
-29.93245765049462
-29.96816732067054
-29.96262285752162
-29.93381064513067
-29.98900208168153
-29.86569395826237
-29.96140736461295
-30.02214308393672
-29.97484110136375
-29.9387729392593
-29.97760366432069
-29.95690300104938
-30.05805679893895
-29.88468154419733
-29.97990464114527
-29.95516828604481
-29.96661494936613
-29.94239540010456
-29.99598329136407
-29.95834787534694
-29.9230819496234
-29.93010053685945
-29.95905205935549
-29.99040597313594
-29.99826573543885
-29.95645629157627
-29.90901593899492
-29.96110825617197
-29.95393296967382
-29.97045925266539
-29.98997359056283
-29.96009411214742
-29.98604886760073
-30.03262394512016
-29.98687119027065
-29.95583603435427
-29.92665854385541
-29.92613334764948
-29.99038993734195
-29.93962550676516
-30.02056516377115
-29.9749771545494
-29.96818446313011
-29.94936135602392
-29.97073718072116
-29.92767449192859
-29.96157824671207
-29.94341128540671
-29.93665030245798
-30.01308150886866
-29.8766226909316
-29.9049067312387
-29.94585141674924
-29.95774663489505
-29.9503442655135
-29.98124844571498
-29.87917570091977
-29.97313116546897
-29.94940250424155
-30.03941014022254
-29.97332898917838
-29.97151516093897
-29.92203960287323
-29.93877301050231
-29.93842135331559
-29.9503294225014
-29.9688638347729
-29.96727207322325
-29.99750995822144
-29.95546182087611
-29.96278809467451
-29.95719935336531
-29.97758361320282
-29.90086957272305
-30.01583826758068
-29.89908035098864
-29.94379687768279
-29.84768416385619
-29.98255167917375
-29.87965072132567
-29.87759782046771
-30.01319004510326
-30.04541339250168
-30.01812727131421
-29.93543406934648
-29.95979342478993
-29.93954141454124
-29.9095293101942
-29.98742024596416
-29.92182743924636
-30.03264674754256
-29.91599837567178
-30.03571813327627
-30.02021867525302
-29.98151725361883
-29.99277133438279
-29.95096102916096
-29.99560031282128
-30.01099215150383
-29.99021806971115
-30.02370456006322
-29.99007954940861
-29.99355852760532
-29.86222122244176
-29.97905103074324
-29.93666269231664
-29.97827659463789
-30.03618161108588
-29.9533459706345
-29.89448985236347
-29.98792372415332
-29.99242433442657
-30.02583293837781
-29.93185878368073
-30.00512661853407
-29.97405366782414
-29.87367510368668
-29.96900540094673
-29.94202609239678
-29.9982485083654
-30.00544010313063
-29.99956660728608
-29.93013523457696
-30.00924832444531
-29.91618161193932
-30.03377900264231
-29.89715552256214
-29.90553043158877
-29.9660538779302
-29.9954637940799
-29.93887249584962
-29.9444921649419
-29.89697343111273
-29.99351520611133
-29.99770235331571
-29.9124178061886
-30.02129771635493
-29.9159481634507
-30.02986858992822
-30.01379930637227
-29.98674512701191
-29.97798422052171
-29.88719525997565
-29.92544194068291
-29.94819476360466
-29.95658928086853
-30.00119424141613
-29.94141681692976
-29.95508764457586
-29.9028845853327
-29.93498732528285
-29.88211587064256
-30.00155844242217
-29.97282964599705
-29.97556873885237
-29.90446776751324
-29.95771751612294
-29.93833894245833
-29.9458629746112
-29.91088397658966
-29.91732401107991
-29.97706303744167
-30.02107070239748
-29.88537052824103
-29.97459429365894
-29.9184997269393
-29.97902169554794
-29.92347655912587
-29.91756323422535
-29.95932077761804
-30.04460867454895
-30.01315935884549
-29.9522735461969
-29.96403421987296
-29.95809656891146
-29.92274872059584
-29.93567677200927
-29.98351593854634
-29.92775187344998
-29.93959348561699
-29.92814206465138
-29.98548260214346
-30.03299120744644
-29.96788746155886
-29.92193407746854
-30.02250050482001
-29.92206531289985
-29.90022005837785
-29.94818113372951
-30.0149476986433
-29.99606828651673
-30.00809026654646
-29.97996578149024
-29.96422069866033
-30.01339961558332
-29.93341039968282
-29.94194276437045
-29.90329250061369
-29.8480658396664
-30.0478883634079
-29.89741062779633
-30.00306233556614
-29.90751984739893
-30.02566163877294
-29.94047630577418
-29.95172360418119
-29.92484269892307
-30.02476090243653
-29.97743642371243
-29.94543386906257
-29.96248464131033
-29.96913111473708
-29.92915729764506
-29.97395499343528
-29.94080172229635
-29.94431264729614
-29.94721670447251
-29.9269333565348
-29.95229924574706
-29.92165224949105
-29.89709363051337
-29.98996504735318
-30.01250812611187
-29.97167739785687
-29.93673743242832
-29.93693970591977
-29.98931463284196
-29.9571030177738
-30.00320643382958
-29.9386108827419
-29.9806033255162
-29.98894975511625
-29.9532007793962
-29.945369376508
-29.95701190565256
-30.00679978193664
-29.98156257995364
-29.97798473982255
-29.95127375475474
-29.92068563788179
-29.91788792587881
-29.90325172680095
-29.92450392611656
-29.89848400880813
-29.98320567156342
-29.98841632435366
-29.9663546710873
-30.01357580337715
-29.99972609499408
-29.95927243665915
-29.95239394821211
-29.99375905974109
-29.93544585347664
-29.98196101505692
-29.88914234989106
-29.9847388658721
-29.95730156845245
-29.89387595909203
-29.94317874509888
-29.9739885582466
-30.01222414492063
-29.95779852424554
-30.00837682175885
-29.87612496821492
-29.97340515815017
-29.99739400469554
-29.84106734107745
-29.89904925686871
-29.87953130761389
-30.01235389733423
-29.93885155044227
-29.99415073108624
-29.9723958085339
-29.92503545781095
-29.95239287498447
-29.90654409959957
-30.01783752563355
-29.93655155094947
-30.02510949255215
-29.90871613368114
-29.93120946718656
-29.96611330758309
-29.93974582907195
-30.04290706526648
-30.02239449937416
-29.98486199031566
-29.95097079069429
-29.90339556564158
-29.93492243986518
-30.0427811981724
-29.88628778353868
-29.97785214839013
-30.03022172392113
-29.94356798711978
-29.94110941054781
-29.95003383306298
-29.92615201521558
-29.9576210880623
-29.94244375266882
-29.95423894203169
-29.96699765506079
-30.00111016677153
-29.90152040100208
-29.92786447712515
-29.96137645370904
-29.8979392441344
-29.93147882238986
-29.95258989189211
-29.99121967971995
-29.91850704780961
-29.86203975276032
-29.9381447436493
-30.02347796499583
-29.95893357707311
-29.89561250342306
-29.9098772668985
-29.91072127252811
-29.93074825661725
-29.92591143407288
-29.93092123652489
-29.95454535331554
-29.98926111324453
-29.95329964866525
-29.95822072765933
-29.9841612117706
-29.9879526908439
-29.93417065631213
-29.97165184977134
-30.02523180548538
-29.9402146797538
-29.97781947860848
-30.01014817145812
-29.9703328467516
-30.0148597003441
-29.97394719970136
-29.91526093786022
-29.88187253822777
-29.9549537286796
-29.89693922659259
-29.91821984101983
-29.96855415356342
-29.92792711582448
-29.95826643120416
-29.9591196252702
-29.98047986099986
-29.99152805832559
-30.01999591040893
-29.97881760103745
-29.89412676317708
-29.92259557875507
-30.0173393638789
-30.0136364790319
-29.88671498849043
-29.97958300242197
-30.03263161005292
-29.88892128429232
-30.00456736273003
-29.89403990562258
-29.88406563298439
-29.9496024461028
-30.05325278733206
-29.96551970935966
-29.97791273522371
-30.01141610758491
-29.89848618402352
-29.93740198324033
-29.97439630791288
-29.95530739841734
-29.9721391730075
-29.93734081543837
-29.91826057100659
-29.99065108186858
-29.95903584779554
-29.89319199309065
-29.87127327989404
-29.91286559211618
-29.94999364789158
-29.91183958375598
-29.98667251559584
-29.93942832767991
-29.90145693212295
-29.95820796037743
-29.95302813360645
-29.98113028878135
-30.03677992860529
-29.9588872982382
-29.97406049165318
-30.00867964341968
-29.97669964557551
-29.9294647273222
-29.91694593113613
-29.90945187604576
-29.93103678466148
-29.90447977482536
-29.86301863143263
-30.01279927359741
-30.01623809546848
-29.9038497175363
-29.97911196934505
-29.91315012399467
-29.96676413462833
-29.97760766419599
-29.9353187649354
-29.93359753420508
-29.98520298704086
-29.96262677406519
-30.01145266551039
-29.92690611665506
-29.90567278441382
-30.00137767561978
-30.0196127055772
-29.89939303474484
-29.98099304893173
-29.98156013331702
-29.86423411056562
-29.95926160120241
-29.91855798216923
-29.96453068836851
-29.84966501357663
-29.91159713697704
-30.01606596292847
-29.97882274723074
-29.9367615252243
-29.89007432904906
-29.95020942171069
-29.91794087887063
-30.01939478309735
-29.90857839233472
-29.91069138331067
-29.91980615001241
-29.94650149070955
-29.99764588331847
-29.92490257308509
-29.99611182153326
-29.98409287883365
-29.90760286059701
-30.00285807464795
-29.9356146089882
-29.94932969175557
-29.93043316817355
-30.00163887902854
-29.98295903920058
-29.94018323167118
-30.00764194938477
-30.04408215028607
-29.86584372478303
-30.00500270521596
-30.03234473982054
-29.89216974382974
-29.83367177782714
-29.93224977625559
-29.84565669088978
-30.01197927806797
-29.93973474651207
-30.01176753754853
-30.04607129189552
-30.02732285042411
-30.00759691552199
-29.90215876047975
-29.92615308817976
-30.01145476709709
-29.85575972790128
-29.93536915479954
-29.88936511246326
-29.98950762108208
-29.97044454404474
-29.97719350744055
-29.89583185200846
-29.86998346669364
-29.94851804182503
-29.96106356677314
-29.93180285513947
-29.97688740600611
-29.89068677233706
-29.93221614369979
-30.03335007804681
-29.90851580439742
-30.00047770801397
-29.90884835652122
-29.90718639931589
-29.89332353546839
-29.99258309662467
-29.95115934757371
-29.91017798011697
-30.01549971882596
-30.04522250305459
-29.89123958756258
-29.98943949954008
-30.01464915811978
-29.94268187780807
-29.94579688873747
-29.93018897514301
-29.93998463963335
-29.89397752869324
-30.03016961787775
-29.88275942637926
-29.90118823388467
-30.04262132801271
-29.91737227099533
-29.97307342507197
-30.00336414934362
-29.97073715457597
-29.90804999136027
-30.01251410982312
-30.00933599755054
-29.92071799616753
-29.92014553255084
-29.93756679325673
-29.97127389619498
-29.92326136768929
-30.0178699436329
-29.93802600791763
-29.92449338551185
-30.01838253518242
-29.9767436262275
-29.97180547666609
-30.00057441666378
-29.94375487515238
-29.91692122564168
-29.88622678059826
-29.9262835897617
-30.00654340159182
-29.96894698374825
-29.97132236355148
-29.96153532180681
-29.96545203858055
-29.93378159796068
-29.9896717614495
-29.95881448374823
-30.06593376695439
-29.92656010821415
-29.95222806246264
-29.95765348765537
-30.00179966264137
-29.88394926521146
-30.01668992916701
-29.96825049017756
-29.97001852752678
-29.99183583083202
-29.93204394419782
-29.9987308475959
-29.95830287541429
-29.9116410912585
-30.0000982490271
-29.96967914810417
-29.86516297555745
-29.97050710347909
-29.87288864135856
-29.9535066716395
-29.92881840254378
-29.8535879529385
-29.97415885367651
-29.89918750822341
-29.96747251468531
-29.94440306220267
-29.91563874425049
-29.86729094345828
-29.88465926741309
-29.90801090315441
-29.96905388936372
-30.01380326850646
-29.85289375370022
-30.02782976897628
-29.86864467127523
-29.90859128264698
-29.93275032270905
-29.92841691203202
-29.9147405180057
-29.94260928474974
-29.97914458498341
-29.9223335918057
-29.93528777038656
-29.93580362714928
-29.888670569394
-29.9731299370663
-29.91877019554877
-30.01307825488496
-29.87132459687416
-29.878148151776
-29.95827461283844
-29.95874982819839
-29.90056600029373
-29.88651932831565
-29.94167434613658
-29.90712498765761
-29.91095612838697
-29.98270111969513
-29.90309084322007
-29.92338528784365
-29.90861635033605
-29.94188972899519
-29.94648249238901
-30.01366450547346
-29.9624157818834
-30.01522914975045
-29.93694155949201
-30.01351792939057
-29.88008377308283
-29.95171263835099
-29.99939616094871
-29.94530306995691
-29.89211901756771
-29.89046850363331
-30.03228787395305
-29.9927273992439
-30.00925211550932
-29.90925369537917
-29.86120717507784
-29.96824622999204
-29.91478703366512
-29.98856548626954
-29.93436511495992
-29.94459528516014
-29.97284526845666
-29.95091777222306
-29.9730964611121
-29.94558283036697
-29.98334540465615
-29.94450283987118
-29.91160188637194
-29.8766013233809
-29.99906149847413
-29.96155763753292
-29.99174051053514
-29.93641575176017
-29.89699125746633
-29.97122396688682
-29.92437995350899
-29.89033875092039
-30.02456676018953
-29.98525710621361
-29.98288516809928
-29.90990224352078
-29.96435848605542
-29.8970049058941
-29.91064195577524
-29.94908959625297
-29.97361968613202
-29.89921953066569
-29.91159700867693
-29.96840787518104
-29.97208280172241
-30.04621813068292
-29.99141997673846
-29.97103970932358
-30.03554699302922
