-29.93954766378695
-29.90832430310193
-30.02733741662207
-29.87208514677608
-29.97883377573685
-29.9777823995711
-29.88802128207094
-30.04891180537143
-30.00687167544972
-29.83891223522416
-30.03053217787895
-29.9159808592169
-29.90315412166528
-29.95776568152309
-29.93978006275574
-30.11800963035246
-29.94513344944588
-29.96558014773024
-29.99961683310083
-29.99659725844463
-29.9792079859988
-29.91434441856773
-29.85663697527016
-30.01830574136259
-29.96959165733287
-29.94936713959221
-29.99397413854208
-30.04974091237396
-30.06311625970961
-30.01813510886896
-29.74379351621512
-30.06730529444564
-29.98954805112348
-29.98205280315416
-30.02701051406748
-30.06092023891688
-30.01178877283157
-29.99476702483731
-30.08590170552699
-29.84960254853046
-29.82467749905685
-30.11051783487798
-29.91696125993696
-29.96651354524187
-29.9122518628403
-30.05228959506679
-29.80268067776416
-29.85832091329035
-30.05031831699347
-29.99607227333241
-29.94697414364123
-30.01254016393256
-30.01933894034885
-29.75392037848604
-30.00264033267765
-29.92164881516863
-29.90171551121261
-30.00346121770367
-29.96798639208992
-30.10296679507612
-30.00881838441913
-29.82565684134545
-30.0538862912715
-29.70681806514001
-30.04009274305357
-29.97787708962851
-29.93450720799757
-30.19298068366134
-29.87736495187449
-29.94273417123593
-29.82385882217218
-30.01886531746469
-30.04771667808122
-29.94412802553115
-29.98884259564842
-29.95121320001002
-30.06419887865731
-29.93452432730424
-30.07592351622064
-29.98104409163575
-29.95236083948823
-29.89049948810301
-30.04942182090473
-30.01435452402412
-29.89926415438107
-29.99065776761338
-29.87039916224742
-30.13314088292228
-29.96374337891125
-30.02229899763418
-29.88568708697491
-29.93523373487114
-29.92851601479389
-29.87146389091402
-29.92510967462407
-29.83020194548681
-29.97592224698222
-29.89667270577963
-30.01735559286263
-29.88054404423042
-29.94387139355192
-29.9516862035822
-29.81675947152325
-30.0760812283819
-29.95219216807618
-29.97164431831499
-30.00331648094012
-29.96558127757854
-29.86003168252396
-29.9915846798524
-29.94844028052152
-29.94947598733162
-30.02604955249279
-29.92562151685503
-29.91234258264405
-30.016729237166
-29.91561535436804
-29.96393263975673
-29.92114941327227
-30.01901783203391
-29.87442565226108
-29.88605277136798
-29.92911991020332
-29.96340905535332
-29.92404316720981
-30.09916200010527
-29.92163134328526
-29.92031619028486
-29.79448799501788
-29.97696885290308
-29.94256392059608
-29.93444446516531
-29.90687398284297
-30.00718474744573
-29.94179083233392
-29.9073746922127
-29.88950759481562
-29.89121098788996
-29.91577479001359
-29.89722042706069
-29.903615483962
-30.00045531966347
-30.04113169594536
-29.93324347586176
-29.99667377779519
-29.88287202789574
-29.91285472240211
-29.95223425565333
-29.89956357079972
-29.8641229452862
-30.02246747041926
-29.95101147877271
-29.85981131423797
-29.94389872789235
-29.96844693218462
-29.94574548344269
-29.85148938694294
-29.9525373072878
-29.93055675222676
-29.95393031030643
-30.05309339160674
-30.00651603054698
-30.04288651145196
-30.06760944975181
-30.07954255776428
-30.02267549285506
-29.8012980680563
-29.76922769503932
-29.86794703229658
-29.95421267125723
-29.96140760709542
-29.99835009299472
-30.03620303713559
-30.02354475322442
-29.96627584505077
-29.90253285599107
-29.99324404745737
-30.03238053129001
-29.89951632745411
-29.99963134921099
-29.97692764461867
-29.9761341595483
-29.9260053148144
-30.00008135462171
-29.86844975438327
-30.10546050518486
-29.89659827029963
-29.94215674760195
-29.90687888664304
-29.86209978917078
-30.13648881320782
-29.9921117334929
-30.03943459320195
-30.03803366222903
-29.9675183894485
-29.97877159420903
-29.86484422722789
-30.05516792482216
-29.86337319947703
-29.91177934373472
-30.00675709878759
-29.80327980542633
-29.875221852372
-29.98276964242796
-29.90704619875878
-29.90470603731065
-29.86739324968566
-29.85737827454786
-30.04111830738296
-29.92139208651185
-30.0202552925569
-30.0633820290772
-29.93744109618246
-29.91535708888664
-30.01339799956553
-29.80563791760736
-29.96705418618914
-30.00289112806768
-29.99887341697315
-29.88109518965421
-30.02653701244262
-29.88511650449357
-29.81725094220813
-29.95727136655225
-29.83205331980802
-30.02169140047359
-30.01032836377998
-29.88604761937632
-29.79468597156984
-30.1093510395965
-29.87829349320916
-29.91745602405431
-29.83454336171545
-29.94689783681878
-29.89049559177668
-29.99013821341494
-29.83772543477217
-29.8563774696167
-29.93884276782914
-30.03960512192457
-30.01667594221302
-29.94182645605377
-29.92749352865833
-29.98691427992738
-29.99465569240103
-29.93098672303553
-29.99087622408054
-30.1126128241242
-29.94668132374579
-29.96052639585537
-29.9802099487231
-29.94762679706655
-29.95181583280097
-30.05166814960117
-29.93054526162997
-30.0745716745373
-29.98558923847903
-30.03176032115819
-29.88079337840898
-30.09566535677094
-29.92078545337253
-29.92916372203383
-30.02041399848683
-29.978092317418
-29.88869842940963
-30.01974584112163
-29.90731256936578
-30.00791341695153
-29.93005149255229
-30.08255062866214
-29.93906312830537
-29.99970435181029
-29.85837116701215
-30.07380019466793
-29.92555022450245
-29.98473442823444
-29.9275625399368
-29.89332579497217
-29.9636988217208
-29.93449897903286
-29.89779767609716
-30.04375539069027
-29.90703520492742
-29.8550168107831
-30.05564734833654
-30.04943307124281
-30.00510294258311
-29.98680884371182
-30.07965269103762
-29.96417911564435
-29.87285038550541
-29.90000502038535
-29.94442211607381
-29.97177678266041
-29.88441590171661
-29.93401239154551
-29.89241819136085
-29.90461239686492
-29.96543305180986
-29.973532262146
-29.94521833686813
-29.95042214482928
-29.96869743020908
-30.01609937778009
-29.76934613905604
-29.9287524929467
-30.01399127014491
-29.92856018594534
-29.93925715168053
-29.90730289979538
-29.98830694520569
-29.88494283954334
-30.09503330397922
-29.88305236199074
-29.93809168575534
-29.95254205203854
-30.04778669487105
-29.9668857193844
-29.97296084933492
-30.03479765728349
-29.83739779014795
-29.998559236037
-29.82631992048989
-29.9392989760494
-29.91256941842778
-29.92928943727746
-29.84788434652106
-29.90729974014415
-29.992288570301
-29.9956758823792
-29.99814333182568
-29.93398204554041
-29.90401786976924
-29.86317343743917
-29.90483940415432
-29.8819829060239
-29.94221173177104
-29.85078081382258
-29.95792207646999
-29.93406258511562
-30.01522584120109
-29.92095425489484
-30.06405905953248
-29.89434103136404
-29.96996017566589
-29.87851071221125
-29.92751324855229
-29.98345297802898
-30.10287158951182
-29.97194892103764
-29.91759214603309
-29.95369060103101
-29.86518220700347
-29.92682640666634
-29.98781208500015
-29.92521884618088
-29.90822540795732
-30.05694471599529
-30.07521576085794
-29.99190586054388
-30.01584901005248
-29.94011634181592
-30.01991078432997
-29.91401540690373
-29.94249185519676
-29.91849857295505
-29.85780377271745
-29.84806205621528
-30.01500220993302
-30.04076135243833
-29.92082494173855
-30.04219613427259
-29.89465025729251
-29.97856226159505
-30.03734846781651
-29.97865657688319
-29.94790166420037
-29.99277023632792
-30.08219337057544
-30.01132045825819
-29.83893658718192
-30.08023963256489
-30.03892485933232
-29.87040268795094
-29.91951157934035
-29.85970820223044
-29.98030158610958
-29.91425125456714
-29.89940320490104
-29.99334950366188
-29.97727208916253
-30.07628100886152
-29.93173510809403
-30.05500613619721
-30.03831343566475
-30.03860527871814
-29.99734701207805
-29.77416255044518
-29.81630805123739
-29.95370704250777
-30.01039583102727
-29.8880055513665
-29.948375844703
-30.06902238259548
-29.99736658424474
-29.86895668414682
-29.88147308914981
-30.01888029039183
-29.90368237441115
-29.89003418549606
-30.08680938809619
-29.84672685201212
-29.93559129133378
-29.9146329125441
-29.98464817820565
-29.93054641878917
-29.85129384919966
-30.0020515360128
-30.00262857915479
-29.89336095372391
-29.91972251331508
-29.92546210183087
-29.89963080051044
-29.95313620762242
-30.03159217216009
-29.95525085109397
-29.969745273368
-29.90806626732547
-30.00434324553498
-30.09219504150726
-29.88871648688686
-29.86745703076453
-29.90635141985607
-29.90641958310509
-29.98498862791031
-30.01528657820032
-30.01419478478646
-29.79570240430903
-29.84568101559812
-30.02942682039136
-30.06479395155212
-30.10769101973675
-30.05612159682617
-29.93541293298816
-30.06716032397773
-30.03592600963104
-30.02206610452987
-29.99701004582287
-29.90165486234274
-29.87896591089471
-30.0579851478314
-29.91686333835521
-30.06876778182526
-30.00936385940359
-29.85005095789212
-29.94857154554536
-29.86802634482532
-30.02995065456519
-29.87893732525593
-29.96236271049543
-30.03490279660791
-29.89086649466569
-29.98340121114305
-29.95946210578298
-29.91335105487573
-30.03747635878227
-29.88471408337754
-30.18107479418136
-29.89937251894077
-29.85418555076982
-30.02056954714573
-29.89897520794003
-30.03640813821296
-30.10212325723987
-30.06750806398686
-30.05315947598804
-30.05536450408523
-29.93232192380641
-29.9414562880104
-29.9687114522925
-29.96087825971578
-29.9566685315582
-29.91812562695682
-29.83372771014843
-30.08823227024116
-30.05825467821689
-29.98915767773723
-30.0188956813823
-30.0407777344775
-29.98000071997083
-29.88280668273995
-29.80450057601809
-29.99502707631494
-29.97925901451071
-29.96743036722953
-30.07906197617594
-29.85023172089896
-29.91858244202766
-29.99939653442568
-29.76424404400418
-29.92913287609036
-29.96145492478922
-29.96298774527225
-29.89233653080692
-29.87652543782789
-29.86877060981235
-29.95780711414525
-29.87183123150465
-29.87179567627045
-29.77207717239032
-29.95305373449768
-29.93530057065947
-29.96917401099783
-29.82423322307792
-29.96740973164209
-30.06001882485688
-29.8299319982753
-29.89614254499639
-29.89796252363125
-29.93021086344034
-29.93573529133954
-29.94129955883654
-29.97868396687211
-29.94758674116267
-29.94027319983407
-29.90038529527884
-29.90101703988383
-29.82849072975279
-29.95098685544062
-29.93005751137997
-29.89814047978999
-30.07876672115973
-30.02664145211918
-30.00856568360973
-30.10367589966079
-29.95816306231759
-30.01756541948111
-30.13165077534938
-29.94261615300941
-29.87860877779637
-29.87534511464763
-30.0919389399706
-29.79050064249826
-29.93809214055133
-29.92809394016483
-29.82739241674312
-30.05088584750951
-30.07571248407727
-29.93901993150647
-30.01866447265328
-29.96236842893889
-29.88886037700415
-29.91010246387811
-29.92304324715021
-29.92042634045168
-29.86617404443189
-29.90295460469768
-29.74908639489444
-29.83138783004871
-30.06088005771363
-29.93126696082131
-29.81766729431111
-30.00735625239813
-29.99600997186335
-29.93630090543635
-29.9777108214898
-29.87157181271623
-29.98266296878929
-29.84991994973102
-29.96809795859989
-29.86216925742277
-30.06765104013597
-29.97150611375127
-30.04404933850824
-30.00109111414344
-30.11845934928056
-29.88666469508307
-29.9810457054455
-29.95816953993695
-29.93038119088999
-29.95134888109719
-29.95129280185588
-29.94085058283708
-29.81418877343624
-30.03655381626512
-29.91335540893915
-30.04121839283082
-29.93847599551846
-29.86859578955413
-30.01397864631153
-29.85891467823951
-29.88379602187025
-29.89052167860655
-30.00713712824463
-29.99401706036065
-29.94486266020363
-29.97135374186906
-29.99983014431003
-29.96238055480266
-29.93899737776862
-29.94150154500092
-30.0976693379815
-29.86677728567278
-29.91327133043144
-30.02552806544405
-29.90073169126861
-29.92502838967945
-29.95019098817201
-29.87874906452688
-29.9078637113647
-29.9882280410726
-29.97910330940611
-29.98988952095542
-29.95378619069822
-29.97239524881044
-29.98529782699789
-29.9561706536349
-29.94104922756773
-29.93195883907985
-29.96071307393535
-29.99646415088307
-29.9892437517891
-29.94554306044179
-29.91537566193431
-29.94141930279733
-29.9251659493827
-30.02461763158193
-29.98935567075483
-29.9019281087503
-29.92446742270435
-29.8399619999893
-29.94294481475637
-30.07125171434249
-29.99791546086357
-30.00272697164277
-30.09840361926743
-29.96484525769984
-29.93444933017577
-30.0019356176538
-30.03229167895989
-30.00440366471955
-30.07105910518888
-29.91475666427013
-30.04916580517953
-29.92939142023908
-29.91123158304028
-29.95166167621774
-29.98782381092759
-29.96476331133086
-29.88402847593752
-30.00080693963374
-29.78438468184817
-29.92922409725361
-30.0187105316076
-29.99916813296676
-29.97689863955688
-29.90235813358189
-29.95202689366976
-30.08054524468508
-29.92307564288329
-30.082922200272
-29.89716831918574
-29.91352143332737
-29.83113842130117
-29.93074788629905
-29.93945960976592
-29.90102344538439
-29.94447120318029
-29.83161271236394
-29.92087532268224
-29.98693561663882
-29.93714356729336
-29.95236045700072
-30.1154271731956
-30.11669099320871
-29.88919465001017
-29.84868562558871
-29.97399183065574
-29.82689855662372
-29.97627935595258
-30.04960100534067
-29.97509504823145
-29.88954177984355
-30.00653876028429
-29.94598372544373
-29.8651236478804
-30.02705316924132
-29.81724192944566
-29.95992967628817
-29.91366651016483
-29.94158098939808
-29.97687923146698
-29.93720433248336
-29.94083522593654
-29.79534327049554
-29.96979158975194
-30.13872964589118
-29.92008428325052
-29.81955741765313
-29.97800980491022
-29.96792292897936
-29.97238196219153
-29.93876292818628
-30.03616309466052
-29.88477644511286
-30.01364723124071
-30.01212738413919
-29.97135034866557
-29.88665544247399
-29.86064685413933
-29.95110441633712
-30.09435221625147
-29.91315683608493
-29.92971931801469
-29.98684442721686
-29.95544382930382
-29.83037831770485
-29.88104378968967
-30.02305703995982
-29.99753021002385
-29.87633459539091
-29.89144862408985
-29.99568764527601
-29.85322752423291
-29.9401063395864
-30.05642137156268
-30.05894982236154
-29.92976994124041
-30.04657341676529
-29.86933455005919
-29.92316813753436
-29.84702192617507
-29.86481903488774
-29.96111260012193
-29.98345618073647
-29.88567289546956
-29.90319677997343
-29.98268830880416
-29.96065435377506
-30.08825404473034
-29.96428314240721
-30.10022876072374
-29.95056322267251
-29.97732266874998
-30.03981956726656
-29.87149257785072
-29.82251316317753
-29.96001418021318
-29.85354231491986
-29.9165468951974
-29.93018279696691
-29.86534963195654
-29.92555683920196
-29.87368813788345
-29.8618231098583
-29.8713112448217
-30.00745068417587
-29.96720146438402
-29.96325376645492
-29.91237440889841
-29.86881517958659
-29.83710329869579
-29.97582775830362
-30.0438832782111
-29.92761162367651
-29.87604645579675
-29.8538950105168
-29.96945208593768
-29.83097891095486
-30.05822689022651
-30.06831372598326
-30.01600714002851
-29.88471423613312
-29.92158056891937
-30.05472402454556
-29.86902602899073
-30.03190450465293
-29.9856317285771
-30.10837030763181
-30.03994563729464
-29.91633534370525
-29.89319191795824
-29.97841130089924
-29.97113743223918
-30.02159566060493
-29.94890622074844
-30.00928355107241
-30.06076128469825
-29.95059152997961
-29.95240382196111
-29.91288040233924
-29.99459906939449
-30.04551231953846
-29.90481706069174
-29.98684774666902
-29.93366245603918
-30.00122353315869
-29.95501072574043
-29.84253194860427
-29.88621683713401
-30.00501211438598
-29.90229704001808
-30.01615925677518
-29.86722332539441
-29.97172519940811
-30.06926238095562
-30.00624592591625
-29.98139292009555
-30.00021009865014
-30.07866187437751
-29.93099237369512
-29.99837767856518
-29.90699268483736
-29.87500131254789
-29.91049178412881
-29.93939195214974
-29.91292657751956
-30.04305517624545
-29.95526910838406
-29.88772139561009
-30.02266464391422
-29.91683697992702
-30.00498787194462
-29.96666207805655
-29.8821021093089
-29.95717316022614
-29.95551470688595
-29.88842538662062
-29.89271606936936
-29.97405773585102
-30.0166921457553
-29.93825551539059
-29.99294555639808
-29.97960095804965
-29.78198664288328
-29.85578629614686
-29.91652376675235
-29.85672607279022
-30.01012823436046
-29.98562471820878
-29.96005666476808
-29.88736985194212
-29.97394621179229
-29.98491463357268
-30.00189437618976
-29.95755159128
-29.94286556411522
-29.87441454245354
-29.85172220545354
-29.94143035183912
-29.86080494763455
-29.94213756215542
-29.95760418189803
-30.04271881331287
-30.01944145701729
-29.97725476425088
-30.03010584303521
-29.9623703027589
-29.93947270593389
-29.96226421473425
-29.93663832418193
-30.10864622941275
-30.00214309339007
-29.94504222438878
-29.91251761968004
-30.01760247538474
-29.91206862642061
-30.0737876464015
-29.85451246625904
-29.91255726540501
-29.8839782050069
-30.04727706125291
-30.00862461544484
-29.88813470921833
-30.0290451781287
-29.92660156513897
-29.82532796783707
-29.9049934822261
-29.85874389983527
-29.84941273023027
-30.01673965108299
-29.88745559169454
-29.95866122039027
-29.8950790911945
-30.03385981293929
-30.15319058360802
-29.90492238534542
-29.92434216246545
-30.09405132738714
-30.01736268009729
-30.05294088343535
-29.8154127912752
-29.9496035683716
-29.8821593258456
-29.96892971594349
-29.98669991824242
-29.99914097928621
-29.92019278508223
-29.79553230837052
-29.87528847769855
-30.03623281465489
-30.08131728315949
-30.02352024157769
-29.85910542392254
-29.93797910377292
-29.87345941676269
-29.93430515455388
-29.92228436517816
-29.81106941814148
-30.02061768813282
-29.8579398697751
-30.01264564671733
-29.92407568510211
-29.98601171614958
-29.85242571740608
-29.96187439293765
-30.07511414562521
-30.17719064653824
-30.06710075667354
-29.88132709984873
-29.98255679710901
-30.01442824202646
-29.96206937769716
-29.9340949927742
-29.82388810428721
-29.92999482097018
-29.87537406042596
-30.02364911396066
-29.94183952643739
-29.91974579703648
-29.95450286599076
-30.11017735453787
-29.89226767233485
-29.89991466246114
-29.88268458613867
-29.87389127435569
-29.964241842677
-29.88835442123574
-29.8893598739911
-29.8830689174528
-29.96083930526103
-30.04525116080254
-29.91771795713487
-29.9986632310398
-29.98192834403442
-30.01214238547433
-30.00030999854328
-30.14057534195114
-29.88657869426591
-29.9669465222654
-29.92040469022164
-29.92393483967784
-30.01549517124592
-30.05294020039039
-29.97405338189106
-30.02546046668426
-29.77452722972438
-29.93088496487971
-29.90757452596248
-29.9750304191892
-29.9037755076301
-30.08430094147119
-29.8391937442993
-30.03574559327179
-29.94636955766683
-29.9649101625626
-29.94482248569017
-30.06768874982976
-29.89652565646263
-29.80212655386184
-29.98509310162812
-30.02380734402105
-29.73139797043182
-30.09183515929205
-29.93410636675631
-29.90154903404032
-30.03213732089206
-29.98347552236593
-29.95503658000154
-30.02416428491396
-29.8367227337186
-29.92152198072473
-29.94491566470023
-29.98685335382798
-29.89794204972062
-29.81953476436544
-30.02886063736862
-29.79430224394325
-29.96052886067748
-29.98325216918118
-29.93306681717967
-29.90551799543383
-29.97280535628252
-29.80905527156741
-29.95343163822326
-29.93655536409743
-29.91668205743655
-29.97313251395355
-29.99483047660757
-29.84236509368361
