-29.96169875874948
-29.95308282460927
-29.94804248605993
-29.99924430188445
-29.9328455526032
-29.91510379819462
-29.98103249964275
-29.94660853084115
-29.95486708794643
-29.97555358419181
-29.96884527237087
-29.91819257286135
-29.93504932484775
-29.93527129483404
-29.92703195737157
-29.97605742871599
-29.94891630850963
-29.95600660287295
-29.94830908123394
-29.97864418830396
-29.97228979501893
-29.93913646663154
-29.94615436536141
-29.9367774316786
-29.97824747134045
-29.94259213835765
-29.91365699108761
-29.96317185485424
-29.96020804826973
-29.99073935352861
-29.95975895045358
-29.94186811388508
-29.94317068914361
-29.97167891452727
-29.93591949363908
-29.98439136250815
-29.93866952190953
-29.95011610619509
-29.99506164997224
-30.00305824595537
-29.95804786577583
-29.97845849706258
-29.95758306216217
-29.97429898242825
-29.95679139283235
-29.93114504577159
-29.93697275329149
-29.99188646297924
-29.9484686679437
-29.97444637316
-29.95556240084202
-29.94833741010169
-29.98425242461554
-29.98475186296153
-29.94457970585031
-29.92083260701475
-29.91936453171161
-29.9663032088643
-30.00341389072914
-29.98159224033208
-29.97859705933869
-29.97739428388714
-29.9264296583808
-29.93618133720071
-29.95721994052534
-29.9898176294755
-29.94578243595999
-29.93557590048102
-30.01941179953913
-29.96237826337932
-29.933512515052
-29.92962091126647
-29.95065426916776
-29.95536341646016
-29.96712083775492
-29.93310584323157
-29.98565181117294
-29.96298685714806
-29.93901831145634
-29.93666079079454
-29.98393414185071
-29.93723663337546
-29.97225729979518
-29.95298705470267
-29.92518167353917
-29.98890269447135
-29.97004808675151
-29.94796481719653
-29.98270778091698
-29.93211212095992
-29.94755000683678
-29.94826462091868
-29.91040240103228
-29.9398787673569
-29.93123220536683
-29.961230365175
-29.96718991826439
-29.96468300038823
-29.9525516186396
-29.98425689089948
-29.98347132356706
-29.95944338075282
-29.96318136860048
-29.96711170184005
-29.98915370023328
-30.00357597227006
-29.98295665961613
-29.99905951320451
-29.93553374434845
-29.92682997306576
-29.95883702019851
-29.92645078303677
-29.94168843647866
-29.95338162326612
-29.90095672009927
-29.88872925361
-29.95693741256537
-29.92693230518239
-30.00926204410784
-29.92591592014045
-29.95538633489242
-29.95997074065203
-29.95744093693675
-29.92687668352101
-29.94387505279735
-29.97379471932325
-29.94866636431659
-30.00283862986843
-29.92428609753567
-29.96289888715755
-29.92329265353032
-29.94340806730288
-29.94725377898857
-29.93992506556371
-29.938161275828
-29.92911989823175
-30.00597026419397
-29.96529223667158
-29.95648406029771
-29.94190164551571
-29.98178071841594
-29.95029662743985
-29.95568527880204
-29.96918668313198
-29.96186009029461
-29.9698854179529
-29.96439981132682
-29.95525939675751
-29.90758908970934
-29.94194495883733
-29.9452106241358
-29.99859106392762
-29.96994889964832
-29.94422074256721
-29.94636420221101
-29.97218295201127
-29.94670530905926
-29.96194232147371
-29.98183000096162
-29.9977291592352
-29.97603528856986
-29.95977132588499
-29.98882789188638
-29.9643413464441
-29.96638092293482
-29.95092878034016
-29.9692882579217
-29.93430371390372
-29.95297588781653
-29.93270078187254
-29.93776870519058
-29.96188742665091
-29.9915207504678
-29.95686983048677
-29.94147606857422
-29.93919968401924
-29.93714114599677
-29.96546327573699
-29.97218221352632
-29.97421032285673
-29.93339343863773
-29.98011312857021
-29.98163230459284
-29.95616033146419
-29.90534117472096
-29.97005229130906
-29.92618235597985
-29.94946494138863
-29.92022167273721
-29.95295073352549
-29.93734294433944
-29.90345572761706
-30.02764027542444
-29.9815752882202
-29.9679632068887
-29.91534030864936
-29.92563738099771
-29.95562441803411
-29.95368520422654
-29.98706340777781
-30.00341919934641
-29.96176197888244
-29.96119515666387
-29.93595782278309
-29.97436776512365
-29.97933821398794
-29.94059739669031
-29.96342149855117
-29.94980109472654
-29.97453015003596
-29.95597467140359
-29.94639443998177
-29.984370817356
-29.94582061550339
-29.95531476421625
-29.97132519362722
-29.9548452697885
-29.91457875695523
-29.96930277915273
-29.96614334507425
-29.96903101663622
-29.96689978855517
-29.94795883510582
-29.95900506377511
-29.93290374288265
-29.99422825920828
-29.9832155112354
-29.963993836288
-29.92687598622241
-29.95792778162554
-29.94246130083151
-29.96413238726435
-29.93874187032942
-29.93603344495969
-29.96438754491571
-29.95045630714904
-29.90827871890468
-29.96413284627045
-29.94295625347542
-29.93337323500073
-29.94577362089726
-29.94931044081241
-29.91654039907069
-29.95520898558545
-29.99012469166736
-29.97404030140825
-29.9699799488391
-29.98273706519437
-29.93202433275885
-29.92074048264514
-29.96515439001383
-29.95646807618662
-29.89502962169216
-29.9551105531915
-29.97168888174871
-29.91628991395051
-29.95632148791284
-29.96755851353984
-29.90195090999244
-29.96646541961405
-29.9383242018132
-29.96087605807848
-29.95823395333999
-29.96676003050172
-29.97465400854941
-29.98706422073819
-29.96225032290411
-29.90728634404179
-30.01041215645172
-29.98168453237125
-29.96442435296657
-29.98762726174516
-29.97536166007654
-29.94152772892994
-30.00416189022406
-29.95145880153411
-29.99341005154049
-29.97403553931706
-29.95384205194426
-29.95192569936383
-29.95477402729698
-29.93589582091435
-29.93267074048346
-29.92874206168175
-30.0191704591268
-29.95910669794061
-29.98302767269267
-29.98130289454667
-29.98973488247239
-29.95719199294119
-29.95937201226031
-29.97316504040756
-29.96450649046082
-29.94463559660614
-29.94296472471694
-29.9488494285423
-29.9877150060597
-29.95486089929408
-29.9445115082652
-29.9706999265636
-29.94812503984301
-29.983839939498
-29.97136296679477
-29.98878993109359
-29.96615413542582
-29.95582911522672
-29.93917186940792
-29.94626078550175
-29.97868585764968
-29.95213118416566
-29.96553052007415
-29.93828350378052
-29.96245782214591
-29.94185442359277
-29.93993175092502
-29.93408946401853
-29.95275504942378
-29.98078229876058
-29.97906907807372
-29.97661832796625
-29.93752744754839
-29.9365060289189
-29.95883588545213
-29.95782427048159
-29.95760541977514
-29.95953381826882
-29.95899760309354
-29.94502712624126
-29.96341468829794
-29.97975066425971
-29.97116560261296
-29.96682485257507
-29.99115249842669
-29.96464174270609
-29.96205960419009
-29.97038918885416
-30.0021940385005
-29.98716666023774
-29.97091626774077
-29.94837297137523
-29.94866568564804
-29.95420414376125
-29.99477989924088
-29.97458591416566
-29.9962423000965
-29.96855468191937
-29.97626071843678
-29.93318515550991
-29.99220444201261
-29.94494988003308
-29.94606624382302
-29.98287455635803
-29.90706656051394
-29.97584554033852
-29.94647018415704
-29.98248986655587
-29.9818706417831
-29.93150998582554
-29.96547505083134
-30.01886295136038
-29.99167480926604
-29.94013797050101
-29.92851053706831
-29.98744737513922
-29.92271870246075
-29.93412910730538
-29.96005024869149
-29.94611955347527
-29.97716048442503
-29.94371875752438
-29.99240808347547
-29.94782627702863
-30.00049630185186
-29.97787156179124
-29.9668863253018
-29.97345091847433
-29.96646916283031
-29.93976187961921
-29.97724379364478
-29.95606535498369
-29.98235498794134
-29.91350524799852
-29.93447604186743
-29.96412990683605
-29.96288603568583
-29.94412468962693
-29.96706555057521
-29.94755678124561
-29.97292886044903
-29.94670040406697
-29.98418967087174
-29.97096547579276
-29.97901649440827
-29.97010023628307
-29.96017814375591
-29.9611866944823
-29.88711695733799
-29.97361300979139
-29.9028337702843
-29.96183548570893
-30.01160096839544
-29.95907346176175
-29.97155559277188
-29.93457835596006
-29.93688085358984
-29.9864337442167
-30.0015760606008
-29.94616723074796
-29.95247252398387
-29.9665524360258
-29.94018004090237
-29.95777072717643
-29.94787397519767
-29.96229070067196
-29.97236773368671
-29.94652509171689
-29.96030523887095
-29.92385795537776
-29.97210785791247
-29.96512127012009
-29.961602366695
-29.94999047527333
-29.97598871615352
-29.91503591387598
-29.9221282301172
-29.93126412508522
-29.94294135629378
-29.99257199102578
-29.96169106101363
-29.98209952665437
-29.93677027987926
-29.96508627089107
-29.96518288005127
-30.00017669462191
-29.9266640781696
-29.97525862882534
-29.94261482303978
-29.93291190360822
-29.92618543050212
-29.94837689456364
-29.95276491981843
-29.95728710646003
-29.99385264201472
-29.95065736818228
-29.93818221074792
-29.97411051953293
-29.97899975365635
-29.97417648884731
-29.95451335149229
-29.99322290273749
-29.94792388304007
-30.03320409938109
-29.9498082801264
-29.97114431253805
-29.9606479852977
-30.02138995433177
-29.94775624888275
-29.94636663782173
-29.93736473583415
-29.94317354153369
-29.91971726947424
-29.97076492953303
-29.94473801369943
-29.96530980597492
-29.93934124070822
-29.9462342090758
-29.9652102999319
-29.93182439080454
-29.9391906480759
-29.98391903750713
-29.93898846461673
-29.92904056649243
-29.9865572777003
-29.92114987212241
-29.98060776207175
-29.93378173403848
-29.95088546825857
-29.96867010227624
-29.96704262400875
-29.97951413849678
-29.96496469316256
-29.97394052516165
-29.95227659445228
-29.93424569284734
-30.00392432232193
-29.94536877567324
-29.93758677326526
-29.97707004886151
-29.95818475673878
-29.92935916806672
-29.96785820996661
-29.96007781141575
-29.93122041417742
-29.95531733419431
-29.9611818245839
-29.91800945151715
-29.94551239239673
-29.96261244172468
-29.94657683674106
-29.95836110147501
