-29.95296424735531
-29.92398601932815
-29.99270554260089
-29.97101577493761
-29.92050973316484
-29.99872100617319
-30.01120768042288
-29.95473683160637
-29.97277447798435
-29.95201788026127
-29.92464550621086
-29.95646630253161
-29.95830493303436
-29.94055366526455
-29.94476959793921
-29.94129548679087
-29.90247004498482
-29.95879208118393
-29.91311511109329
-29.95272362331962
-29.95602532447771
-29.97976631603037
-29.96455959116466
-29.94014815346029
-29.93328976010421
-29.97802193712192
-29.99412744906064
-29.95055580252818
-29.96528379887707
-29.97997509100608
-29.94262909152048
-29.95630780018251
-29.94607803666686
-29.96606973450713
-29.9241466078234
-29.94901623099824
-29.95413270828232
-29.97231927640758
-29.96736207705635
-29.96449422546678
-29.95278821762108
-29.96144648804403
-29.96065185393955
-29.99347571720825
-29.98357331496155
-29.95507655088877
-29.94123817062253
-29.90347969344744
-29.93934988645238
-29.95903819936921
-29.96226978595643
-29.94582544889818
-29.95638898093488
-29.93354015284501
-29.97144168474181
-29.98290305158866
-29.97281720333939
-29.95416738506901
-29.97739265586177
-29.98580689959606
-29.94426475108906
-29.98214305621177
-29.9874446490603
-29.93415374203042
-29.96944675712856
-29.96459388982709
-29.95884766035183
-29.97120164554531
-29.95171647184953
-29.96478487598984
-29.94427601168121
-29.97077396345494
-29.93931910036266
-29.94231841939238
-30.01230627892345
-29.91490652584257
-29.94143133699111
-29.96434176203011
-29.96483162396779
-29.95819005297046
-29.97947703810321
-29.96133283048271
-29.94802648404615
-29.93660543650923
-29.94939951272136
-29.9842334572505
-29.98500184509034
-29.93907270823592
-29.99880571509955
-29.93405285693292
-29.97576332392509
-29.95780935193175
-29.96523726645126
-29.9928241114153
-29.93942032476521
-29.941475634055
-29.9644283788651
-29.95097741080219
-29.93540555168888
-29.97141527905958
-29.92630831647204
-30.00155139967131
-29.96031548496629
-29.97493288593469
-29.97186716011891
-29.92728305991065
-29.97650249522208
-29.94386073235268
-29.98737269339689
-29.95103947250612
-29.98654121315529
-29.95953175504173
-29.93376503251002
-29.95155144275984
-29.90380272168828
-29.9627641179347
-29.95543463294891
-29.96585414457067
-29.98483041197573
-29.9612709727366
-29.94959225136765
-29.96919452164678
-29.93278444814562
-29.95853378962957
-29.95049517633318
-29.92672420456367
-30.01178452745403
-29.99591592265391
-29.9440592877629
-29.93020456551748
-29.95852495526424
-29.95444706515218
-29.92777429193529
-29.97632118816018
-29.95979199519603
-29.94890040123449
-29.95339705057732
-29.92774820802135
-29.9266388451784
-29.95585951720628
-29.9561543851446
-29.92587004509862
-29.96106342365346
-30.03013554770046
-29.877030355972
-29.93547389332529
-29.95304023369199
-29.94528969975875
-29.95348310242023
-29.971595501317
-29.95553984008053
-29.96727922536627
-29.95325643389576
-29.96605467530122
-29.955583543761
-29.9673008661118
-29.9610706078473
-29.95816107399409
-29.95652432695221
-29.94464827230681
-29.98609909044684
-29.93275612660173
-29.91021806460275
-29.95717580872557
-29.95215614800054
-29.95027017753034
-29.96714055873088
-29.95693107737821
-29.92805825935319
-29.9960838876734
-29.98210211544902
-29.93565650560171
-29.98730158691081
-29.94495089943467
-29.94891967642802
-29.9365116162846
-29.93343763163407
-29.96471927100079
-29.9878906449102
-29.94820151670289
-29.94964873204754
-29.9559529884334
-29.97108030550526
-29.96646542531425
-29.99572628219799
-29.95250638867843
-29.96071786724537
-29.95890382895982
-29.97050714583624
-29.94029372019059
-29.98110803240545
-29.9384226532871
-29.91827035505743
-29.98331200483303
-29.97191572821965
-29.94276933111858
-29.9583116151218
-29.98158141007562
-29.94166628836918
-29.99014266968117
-29.98490096578527
-29.93504635756421
-29.93575160601875
-29.92191755126387
-29.94977882262587
-29.92628946179734
-29.9600304726988
-29.95154145413268
-29.99179560607029
-29.94308097811952
-29.972967585387
-29.96524015308491
-29.93345140940643
-29.96222959570458
-29.96633490389122
-30.02069014177703
-29.97310083694914
-29.95999606614842
-29.96186385242763
-29.9594794380096
-29.95831781960275
-29.97667107142866
-29.9352036782724
-29.92076639267172
-29.98690507700191
-29.95263506073259
-29.95051492243918
-29.93051486469956
-29.96603785812987
-29.91918094945444
-29.93414481415762
-29.96115975498963
-29.90501406346596
-29.99664186716497
-29.9881300671257
-29.95763768480067
-29.95586588087787
-29.9574324213329
-29.98133585096271
-29.95984249370922
-29.94581912863283
-29.92510404010683
-29.96503219928923
-29.96872306435493
-29.95950558303197
-29.93588678626901
-30.00445950041656
-29.94804954364842
-29.97861409858482
-29.9286745756554
-29.95993297840471
-29.97222944743104
-29.95918579894008
-29.94358136078586
-29.9484218944342
-29.97082914221646
-29.98679571421557
-29.92008278917037
-29.95630895202867
-29.96220900609195
-29.9362325722385
-29.94737272293718
-29.96682457304007
-29.96879486961173
-29.95950620898629
-29.94960660518687
-29.97255041283395
-29.94544066107394
-29.96535945087957
-30.00040627000467
-29.99244512186132
-29.9576050808978
-29.94423650433079
-29.96671259934501
-29.93928077907029
-29.95287089437472
-29.92704309093757
-29.95556448572234
-29.95141343358568
-29.92969025721057
-29.95107676976935
-29.96791380495977
-29.99186663743069
-29.97578986390611
-29.9822220344228
-29.96145272627369
-29.90543450000659
-30.0191630923474
-29.98937374466767
-29.96800880801283
-29.99190473549353
-29.97542025926721
-29.95652059978397
-29.97035175652157
-29.97017939246522
-29.90227997401677
-29.99425196288812
-29.93967475713516
-29.99152869644419
-29.98018644040742
-29.97541630204136
-29.97134672448082
-29.96597976236673
-29.96659421251318
-29.94656078334792
-29.94446207246848
-29.90757348729641
-29.93752071056439
-29.97543269846174
-29.99431382139517
-29.98662024773131
-29.99962533400867
-29.92994901643986
-29.97048445284778
-29.98823072809853
-29.97519147055167
-29.97747499056769
-29.97948767572463
-29.97162934488549
-29.95924251971256
-29.9357956726054
-29.93930537706438
-29.95769091210059
-29.94823898847803
-29.91210893127322
-29.96120503089964
-29.93453380059724
-29.95469354501065
-29.95775405944863
-29.94313108204636
-30.02185893201756
-29.94192216936354
-29.98451918383909
-29.93409438950298
-29.93903393066436
-29.91627693648256
-29.97965293195426
-29.97162640989673
-29.94113293475085
-29.97290359690238
-29.97806063351818
-29.91264517087482
-29.96600861602602
-29.95545953672829
-29.94842233708597
-29.95825737979863
-29.9562018833617
-29.96342559815056
-30.01751989279217
-29.92693360572438
-29.91360348837364
-29.96389693701848
-29.93188656682847
-29.97686092949289
-29.92466497860048
-29.9258623411026
-29.92840029676234
-29.93256884674864
-29.97784890830125
-29.93574640689581
-29.97120016697281
-29.93704091777647
-29.96018898477162
-29.93401004228933
-29.99232162971026
-29.91689446968692
-29.94254064181863
-29.9642728307404
-29.93388202036494
-29.94891364584096
-29.96013332929292
-29.99497207578047
-29.94858013580775
-29.93647354113748
-29.96079874043473
-30.00279187278309
-29.95601243396668
-29.97109269941512
-29.93325695153025
-29.9507293326579
-29.96783188924167
-29.95049989315626
-29.96453483455221
-29.94129873622571
-30.01525636948321
-29.97121015789622
-29.95435984953613
-29.97978703004904
-29.96662095870506
-29.96831629287949
-29.95393384506167
-29.95396688642154
-29.92174074648175
-29.93485794555608
-29.95642683662768
-29.97859264578472
-29.97996005001936
-29.95484603793495
-29.97171539121197
-29.97031642880875
-29.94329744584621
-29.984976762841
-29.97289234030635
-29.9560869010142
-29.95861213234452
-29.93560231522825
-29.95300060283235
-29.93106579058855
-29.91806320136605
-29.92395603003187
-29.94385413306022
-29.93245991931934
-30.00009181844267
-29.96631210022635
-29.92059818228887
-29.98960937198572
-29.93359442690709
-29.97853875489868
-29.92367779591375
-29.93608576809396
-29.96923575266526
-29.94871052283405
-29.95711981486776
-29.9553935626468
-29.95825414052077
-29.96307351505671
-29.95560262127562
-29.97188431546557
-29.96668780851209
-29.9710587011485
-29.97238987773741
-29.98604647029559
-29.94178156221238
-29.96582522526217
-29.94987038643823
-29.95822507062193
-29.95904942385281
-29.93460167768632
-29.92755905251519
-29.97289497275773
-29.96280771670409
-29.9440921467052
-29.95556128749799
-29.95218050472969
-29.96865707878053
-29.9630094841004
-29.95244213041178
-29.94713285671533
-29.92630876247971
-29.99326147329364
-29.97011039948773
-29.95898632316854
-29.97088973274703
-29.92799853248496
-29.93383343210751
-29.97294771628834
-29.95684283676476
-29.92361962940641
-29.99976473217943
-29.93641463359013
-29.91332120818637
-29.94884898032585
-29.97167327675942
-29.98871659036229
-29.9217837719508
-29.98856607247239
-29.97716154700396
-29.99473205294747
-29.93747385230176
-29.98287486145202
-29.9598460719585
-29.95139791663184
-30.00910318635487
-29.93068142415931
-29.91096385073793
-29.98035164819958
-29.93171040458536
-29.92309014500952
-29.9294299840716
-29.99286249585508
-29.97733114752199
-29.9555036008198
-29.93089089526547
-29.93239832481933
-29.96364975048075
-29.94003933038869
-29.98678710849654
-29.98768969234698
-29.9400128189975
-29.88804320125857
-29.95935137489005
-29.98088056079133
-29.95652489647418
-29.99043636965941
-29.96661420473083
-29.96780443332924
-29.97800667656948
-29.93038272637384
-29.96045026548947
-29.96340114264559
