-29.94142912542979
-29.95095592299869
-29.9678265922656
-29.9773793957535
-29.99136525035111
-29.93507954946765
-29.95499197232259
-29.97834638947732
-29.96335702608263
-29.98238579082153
-29.96543851100032
-29.95887741863342
-29.97135524644303
-29.97080101108329
-30.004522137458
-29.99483613473154
-29.96194674376459
-29.96818849010783
-29.9322388379246
-29.95339599537529
-29.96917836306368
-29.97891598858874
-29.95531850840347
-29.95823053928319
-29.95119218064505
-29.98580269200383
-29.95944593105055
-29.9590816305148
-29.96713397435235
-29.91981240199221
-29.93033768319169
-29.90484896262005
-29.9452091513453
-29.94061821302145
-29.93526532477875
-29.98225984702277
-29.98464660177853
-29.96394370344197
-29.96187737232653
-29.9344753225653
-29.9717745178124
-29.98187713664723
-29.93710285404391
-29.94820771661299
-29.97605406949506
-29.96526234452509
-29.94628798469742
-29.92495087724488
-29.94018265844414
-29.97514333069728
-29.96179239852081
-29.94292339952229
-29.97481030370055
-29.95436112974828
-29.96756582064686
-29.9870898126845
-29.95810915086163
-29.95083671868359
-29.90606288862876
-29.99154836195504
-29.93191144749223
-29.92371899037918
-29.97310603393688
-29.99928185888066
-29.9509333606446
-29.97297404437997
-29.97051892963881
-29.91899203136928
-29.98664076813856
-29.92703081294803
-29.97159742081504
-29.94229529513245
-29.93706915426069
-29.9476287285037
-29.9352030677674
-29.92241158626587
-29.94615733042771
-29.9704333973479
-29.94030924168471
-29.99666704115161
-30.00446970586685
-29.94831415664683
-29.93802343062596
-30.00916191147935
-29.97017038010771
-29.98298647064772
-29.96400165515664
-29.94839253576669
-29.97533277853707
-29.96170325333675
-29.97743623869226
-29.98600782152265
-29.93417846901976
-29.98958934045458
-29.95235266686426
-29.97678771114445
-29.93466681863396
-29.95329786225533
-29.95747677581051
-29.95072699599606
-30.00529843958947
-29.98342324084944
-29.94137464466571
-29.99284260255349
-29.96411602579018
-29.94916077502037
-29.98852336084746
-29.95022819711153
-29.93747029526074
-29.97139475252051
-29.95764150488106
-29.9970502752379
-29.92192401142514
-29.9738954058727
-29.95428649124489
-29.98262675732477
-29.97781396394976
-29.94935031516003
-29.97714268663293
-29.95818475195374
-29.95983277742115
-29.96422019575862
-29.99436427782957
-29.94179604988563
-29.92689070290958
-29.94172804120227
-29.93163425924002
-29.9545814823184
-29.94369610700454
-29.97274560333278
-29.99448345395362
-29.98900336432113
-29.97154629180667
-29.99531355576291
-29.94417399896794
-29.98192607203385
-29.91962084784754
-29.94684389221279
-29.94413065428941
-29.94481740294125
-29.94038384079761
-29.94856818478875
-29.9866833301055
-29.95476595902673
-29.99485726343303
-29.93187810901798
-29.95446345782272
-29.9591841794516
-29.92850758707264
-29.91495711939749
-29.94917713936081
-29.96153465258909
-29.93847611407731
-29.92010894040679
-29.95281418345838
-29.95773773600147
-29.94420425679556
-29.95957837362327
-29.93531598216963
-30.00308902293448
-30.01606638014012
-29.92969140414677
-29.94752271196002
-29.9413557834398
-29.92559130981739
-29.95854856411675
-29.96816019898727
-29.99396056515751
-29.91498772631846
-29.96246945843634
-29.96415320080013
-29.94651248316153
-29.97877369624348
-29.92820849001652
-29.99816758409855
-29.96862979719224
-29.93675881112026
-29.98576589536956
-29.94867059752472
-29.98887420008867
-29.93932363532134
-29.94992926103929
-29.94923830120362
-29.92806898427682
-29.99863000990869
-29.91941567925643
-29.93933197756271
-29.97454678064277
-29.93661037955259
-30.03761596771329
-29.96026073266935
-29.97205657233224
-29.95156413093117
-29.97903382894162
-29.96190392699914
-29.94197882760414
-29.96865499405006
-29.97526901208262
-29.97492648935615
-29.95759922010696
-29.95612795360672
-29.9845361914459
-29.93798683620133
-29.94862647320425
-29.94633293268326
-29.93742326663542
-29.98701911927192
-29.94969932105439
-29.97863029308024
-29.91341952567127
-29.95376889845907
-29.98460630935931
-29.94455625188032
-29.93225147509887
-29.95216180460987
-29.95453112155677
-29.96584006879677
-29.98241890246084
-29.9808489658873
-29.97275064095427
-29.95819703165347
-29.9587017446981
-29.95063509355508
-29.96089887454896
-29.98712379156249
-29.90970844149424
-29.99638112461518
-29.9552012431623
-29.96652434129237
-29.92162078641123
-29.9379568370626
-29.93697436824585
-29.94190530619579
-29.97397098432893
-30.02436227119641
-29.93445851616346
-29.93893142445067
-30.01265256016269
-29.96706523775376
-29.95754356484619
-29.94816342668567
-29.96075570602044
-29.97985721695641
-29.96104563222808
-29.93832706457315
-29.99339477529633
-30.00828000934498
-29.99706130335802
-29.9378482082084
-29.92736681528462
-29.94481467291172
-29.93137331756453
-29.96048956738043
-29.94188357336606
-29.9455900862488
-30.00173138105803
-29.95198882853461
-29.96454009969504
-29.99354979748779
-29.95868705211504
-29.96653022377232
-29.96795076121671
-29.96308947737702
-29.96119006474198
-29.93078017227486
-29.94849562494682
-29.94736476843853
-29.96819658248443
-29.95539966657523
-29.91820516182944
-29.95469023732349
-29.97649951979557
-29.94460395300012
-29.91339502283846
-29.94332640430473
-29.96326884483437
-29.98803267827343
-29.95442793360811
-29.96334266625102
-29.96348777144675
-29.95509751612533
-29.93957956765557
-29.94155172926119
-29.95235262779523
-29.98424976804252
-29.98833134126034
-29.96435470788741
-29.94271187806848
-29.95445337602053
-29.94949312237201
-29.94182599489959
-29.94507810979163
-29.93855341885789
-29.93999661211771
-29.96134006928009
-29.94030432672815
-29.99433931604317
-29.93896886752371
-29.9463973620689
-29.96295767366252
-29.96456482606355
-29.96796921286706
-29.99556464282709
-29.94108715751614
-29.93784049896767
-29.99124240285445
-29.96698401412461
-29.96137751379239
-29.9579946338866
-29.95224595522215
-29.96574638669003
-29.96782031535594
-29.96849663094542
-29.94225270478064
-29.91282858695138
-29.96839587612047
-29.92747729615154
-29.95132339727387
-29.9524620061647
-29.96350184563371
-29.96996663258105
-29.92789934954057
-29.99800333348838
-29.96585940057094
-29.95899134986144
-29.99573606018537
-29.97022156173337
-29.98490635080771
-29.94952663965395
-29.96718952992626
-29.99863276286952
-29.93181114358614
-29.99078688762417
-29.97826180408079
-29.92641064671767
-29.93048266745743
-29.96030577035316
-29.9431147308749
-29.96026867800412
-29.96895396352875
-29.95931850654745
-29.97322669051554
-29.96057418502333
-29.96511625255042
-29.93331326051518
-29.96827647283255
-29.92305558302731
-29.93214533786226
-29.97721214553995
-29.96236662215809
-29.89620636972424
-29.99694466793099
-29.95316245095575
-29.97796374968463
-29.92101475949714
-29.94782717302049
-29.96619377835321
-29.96699601563552
-29.96548386021687
-29.92565478562841
-29.92968492189105
-29.97205297244434
-29.94717026900725
-29.95946017176163
-30.01944925610753
-29.98541718434814
-29.94052487371226
-29.96113750615903
-29.97883082454761
-29.89857438594252
-29.99017130645833
-29.91727057928393
-29.96712073703722
-29.96079097223248
-29.9897001920736
-29.94578347361122
-30.03318538730163
-29.95299481376841
-29.97540801503887
-29.98575611659196
-29.9807415821308
-29.99386001020874
-29.92942471615563
-29.97642414461464
-29.95303011282651
-29.98875451975913
-29.94170196026668
-29.97392651192348
-29.96787303519302
-29.9695638829968
-29.97878999372355
-29.96142311526868
-29.91412108305159
-29.97156665719277
-29.96505659045264
-29.96470574628773
-29.97675402163892
-29.9748815715073
-29.94709059604285
-29.95179591465164
-29.92997305263462
-29.96557256559496
-29.98252657173565
-29.93124317600903
-29.94877700290583
-29.99170684702066
-29.92991245562264
-29.94480948013424
-29.93271531841881
-29.94691739080489
-29.9896062097006
-29.97245711567705
-29.90850990867899
-29.948629253001
-29.96401875174534
-29.93788119624933
-29.93740038909397
-29.92356202540837
-29.99457095636414
-29.94019357876589
-30.00845444943095
-29.95358572258203
-29.94445013310412
-29.9860168267758
-29.97830852937498
-29.99855834568779
-29.93736497902543
-29.99551885854035
-29.95384312196204
-29.93564517147519
-29.96216223589179
-29.98118478632508
-29.94070553436234
-29.92728693813491
-29.95642584964757
-29.98898227154437
-29.94153006733016
-30.0058858746186
-29.96543979859248
-29.89165553752921
-29.88847198119507
-29.95806292141626
-29.95830872786865
-29.99586725121866
-29.93841982243757
-29.95267278355858
-29.9425129183483
-29.92748456646414
-29.95912024711858
-29.9601277801632
-29.95273919695128
-29.94974584456347
-29.92976747743766
-29.99126625136745
-29.97404854947598
-29.98993825968998
-29.95919661521596
-29.97710580713348
-29.9408536987461
-29.96623152768137
-29.96543299802317
-29.95842945202459
-29.95526379678316
-29.95482064474401
-29.98352742063281
-29.98381780340742
-29.93790120984021
-29.97002180896008
-29.99678805339017
-29.94135439379383
-29.96374186319844
-29.923163985982
-29.94002647143459
-29.94296410128659
-29.94028248277889
-30.00692797163357
-29.97560772717228
-29.93795871518006
-29.94448169472915
-29.99331425534702
-29.92906658840508
-29.97191593233036
-29.99691303952691
-29.9724250813125
-29.94092860178601
-29.92978569785062
-29.91832288054715
-29.99370880732041
-29.95099425309668
-29.9570819620877
-29.92369649876652
-29.9742461228806
-29.90030655965469
-29.96027374504777
-29.93645794190347
-29.94129856753579
-29.98472998492172
-30.00126338563502
-29.96770133259795
-29.92765042192113
