-29.98392220135658
-29.92924029245032
-29.95877059756181
-29.91024117619997
-29.98746021655606
-29.92901964649706
-29.98500502644087
-29.92938553475447
-29.91827576081408
-29.87926862959934
-29.92800250173476
-29.88924054465832
-29.94496722298534
-29.99806909417422
-29.95581763683391
-30.02604299529955
-29.87987999504691
-29.90472903790214
-29.97238571384227
-29.95988276382732
-30.00962571814457
-30.01074042746465
-29.98242051399343
-29.91335530802832
-29.95096007640872
-29.94481990583709
-29.91904116314188
-29.92602921576349
-29.938711145462
-29.99075290755517
-29.96454503088598
-29.88037240125429
-29.90645774851615
-29.89288109967739
-29.99233305296825
-30.01558671842748
-29.94697295174852
-29.9697163323649
-29.91393541784891
-30.06462081477403
-29.94910373981798
-29.98535976988668
-30.01726327707038
-29.91090594657794
-29.95283201258502
-30.0460489891529
-30.0366150483101
-29.98604847764523
-29.98041932402908
-29.99159045553851
-30.00771055180754
-29.9814267216948
-29.95739510489758
-29.96349145337469
-29.95345837533412
-29.90080497905062
-29.9028926465858
-29.98616153212406
-29.92492832118588
-29.89269095010363
-30.01170222261472
-30.00056064663749
-30.02883419285053
-29.85510160507155
-29.92119449385336
-29.95998928054424
-30.04696684332337
-29.91858090164592
-29.97184330097478
-29.93799467928634
-29.91987372883619
-29.93843005192604
-30.01331881812972
-29.97151737740872
-29.91755142719439
-29.96237264353028
-29.89848597807012
-30.01868590157779
-29.93825191704445
-29.95652058345853
-29.88173044825043
-29.96694976455246
-29.99582715466302
-29.90525562943967
-29.98239052315416
-29.90984183959603
-29.93672970594945
-29.910509922563
-29.9574016483734
-29.97928370870019
-29.96374543589204
-30.01959782853866
-29.85040674465514
-29.89388348584633
-29.98516289184449
-29.89548286722962
-29.9393081861856
-29.90718051644227
-30.01818465447238
-29.95400526319873
-29.91117963089709
-29.92757689085891
-29.90172092649658
-29.98899608276758
-29.97366057108055
-29.89275603100828
-29.94171252144904
-30.03923793303439
-29.96637972078275
-30.00650699620387
-29.92184034379715
-29.91993682662565
-29.98826064472984
-29.95400690356729
-29.99002621819993
-29.97245493647069
-29.92862078798207
-29.95103744155039
-29.98167729108741
-29.96731503029908
-29.93177509836189
-29.97709003819984
-29.93543291644864
-29.91645528448706
-29.93520187880773
-29.88782949348612
-29.90960025711331
-29.91567231860243
-29.94373893430547
-29.91496087455138
-29.95910044893769
-29.88284496698545
-29.94317662838819
-29.91344354934692
-29.88231790903101
-29.93446436809413
-30.02752035086387
-29.91859479001159
-29.94030861683
-29.94921409443437
-29.95454910170666
-29.93252281912655
-29.97642827684061
-29.93552428338721
-30.00733464037786
-29.87203298526037
-29.9594112271352
-30.02032107360429
-29.98778260766075
-30.01047485239809
-29.94389861539272
-29.91494926958888
-29.98806339962446
-29.96849449983796
-29.96279207336493
-29.88688228203911
-29.99931266746437
-29.9368469152957
-29.91687957264574
-29.9990567384866
-29.99304560406621
-29.95197637615925
-29.92934736217359
-29.91810779732056
-29.93931409256826
-29.92669780348712
-29.9312850986876
-29.92392092839532
-29.83655021596699
-29.95174784124108
-30.02859390280094
-30.00232862408858
-29.9541322639471
-30.02710380571845
-29.95579988651349
-29.97153962850607
-29.98599171996719
-29.98087706787068
-30.02225746511731
-29.97631649831497
-29.87321615870073
-30.03653440639197
-29.96758558892565
-29.97205982887869
-29.95676567508835
-29.98082784253462
-30.00356574283927
-29.92040420064013
-29.99112028853482
-29.99427967047703
-29.93382303198483
-30.01139842044389
-29.98376864795219
-30.01403566997026
-29.93966916316494
-29.90387835755033
-29.97820165286242
-29.84754219876184
-29.93869427849907
-30.05114889634214
-29.94652608261686
-29.96065665193359
-29.94189521823482
-29.89601420374301
-29.89448985172319
-29.89172917572328
-29.93379292051393
-29.90446436487613
-29.95906124865467
-29.95588988760286
-29.98297203830082
-29.89633326914995
-29.95826393224004
-29.96286350390516
-29.9964457998441
-29.95920040272887
-29.95036517706301
-29.96792615718791
-29.9412316517714
-29.96746215087837
-30.01324308336392
-29.9152331554064
-30.00967195306201
-30.0445797328056
-29.95866292156413
-29.94679571713223
-29.88699368552762
-29.96815983906151
-29.95394878976978
-29.84748746199947
-29.92034263737577
-30.01486154051942
-29.932087871074
-30.00477182452099
-29.91824630736582
-29.94560679661816
-30.0222467573679
-30.03563854108577
-29.96068303446287
-29.98702472928476
-29.97237210873615
-29.92573062802517
-29.97688669384387
-29.97543044184375
-29.92929784741364
-29.97094017027045
-29.93859059577762
-29.90815290021558
-29.94674479767973
-29.9135212762266
-29.96710846886184
-29.90598093404563
-29.90732688979758
-30.01385300006206
-29.93326184260771
-29.94576276651232
-29.97877348932951
-29.9906187403144
-29.89373815050408
-30.004171154541
-29.93040431620384
-29.90739629425301
-30.0232620216801
-29.92134553048671
-29.8882598210667
-29.89794693395307
-30.01226441321815
-29.99692912912879
-30.03168850670092
-29.99134752100269
-29.96676530651127
-29.92734834480729
-29.90515312372052
-29.97500422053596
-29.86613198515752
-29.96032233769629
-29.9051280244558
-29.93734368209401
-30.04612839338098
-29.99407556589571
-29.98157800368391
-29.99876881538859
-29.98427181384661
-29.94546725514589
-29.96352598982278
-29.94842775569238
-30.02802450417645
-29.98054503271643
-29.87693562252888
-29.88618976871002
-29.98026827596893
-29.9960462718611
-29.97660023632343
-30.04632446812284
-30.06461358492206
-29.9579669323614
-29.91802713084385
-29.91710446928535
-29.96452386376038
-29.95236865393687
-29.9132983107501
-30.0346183599699
-29.91222202125195
-30.00105007994556
-29.85586840525971
-29.8880052146581
-29.99665519408393
-29.95006751615203
-29.90775778009255
-30.03533415562151
-29.87647683147873
-29.98518030513686
-29.93428827025095
-29.97936802925736
-29.9588645178445
-29.9749560799011
-29.98631619654179
-29.91773757199699
-29.95937478175894
-29.93550271148326
-29.93890535208479
-29.95111986135591
-29.88832285873892
-29.92551570462569
-29.88759256434293
-29.96206370632603
-29.95946810831238
-29.909921213743
-29.92959431544438
-29.94280088915526
-29.96499079542122
-29.931235553181
-30.01785030193621
-29.96342779961481
-29.98977275534236
-29.91830020368666
-29.97437744496027
-29.96935926520192
-29.96064898804926
-29.93849670137724
-30.01968357772569
-30.04763431528198
-29.89009678357848
-29.91389811621515
-30.04965989257322
-29.93833422305152
-29.966704616938
-29.96993362383729
-30.00539540936687
-29.92476048574067
-29.93992589437457
-29.95012400342889
-29.9931739299142
-30.02956439010199
-29.97439824673043
-30.01985484615589
-29.95865914120007
-30.00596347388197
-29.94949770516398
-29.97194079958222
-29.93586906241274
-30.02798923777691
-30.04566510227154
-29.99077309166678
-30.01100176525465
-29.97314539921836
-29.97810105846667
-29.96740122566115
-29.95806614024883
-29.98697118268065
-29.96353950428723
-29.91476263820763
-29.94924203599845
-29.89017111061609
-29.90306180281199
-29.83154367488701
-30.06315928448676
-30.05867501377992
-29.96701205069872
-30.00623093762831
-30.01798725971954
-29.92205990586873
-29.90999904730297
-29.94660994275161
-29.90806219994629
-29.96203736890933
-29.93303606785214
-29.99480052794502
-29.96456674907309
-29.89123129245892
-29.95446274397529
-29.97605293950666
-30.02526614603298
-29.90457713050658
-29.88880967488539
-30.01484765481694
-29.96883396348225
-29.93932389357643
-30.0004975262022
-29.88619633925731
-29.95914188477938
-29.94406955834078
-29.9338432219325
-29.94055588905636
-29.98236953911564
-29.88327100453355
-30.01031684133662
-29.94611245021422
-30.0138893622202
-29.98034130370898
-30.00076249349538
-30.08784604710154
-29.9728686794091
-29.91277965943127
-30.00211150233439
-29.85045380383627
-29.94256672185506
-29.95410556012457
-30.02476320457594
-30.0311249941135
-30.019844651341
-30.01075958844793
-29.97952028905895
-29.97727906032082
-30.01197896637172
-30.01009836694271
-29.99731643868164
-29.94900287032243
-29.98666842943968
-30.00960641713391
-29.95399596116416
-29.91544489879173
-29.99229315516845
-29.952169572419
-29.93931491505295
-30.01432523598837
-29.95440143219939
-29.91275875848427
-29.94682686229604
-29.9968494997997
-29.86948157409638
-29.97129251620961
-29.97598833017862
-29.93527341015815
-29.85745153255734
-29.95602577002234
-29.92497457586752
-29.91467497606356
-29.91882550770755
-29.93721286772322
-29.93201106192322
-29.97338495892453
-30.0089676964171
-29.99081904168616
-29.92521016040343
-29.96087364399195
-29.92834587903626
-29.91857967113074
-30.00470000991965
-30.00151283960379
-29.95944480163153
-29.9858366576625
-30.01682937784888
-30.0051798248407
-29.99578976720585
-29.9803563856217
-29.98620630880571
-29.89663314476457
-29.94906927685156
-29.98281617349987
-29.96369895525219
-30.04460641929083
-29.98116999637617
-30.04390013261404
-29.8534939218054
-29.95780780330711
-29.94026606697325
-29.96837000435052
-29.98341363073894
-29.96522049265253
-29.98022622542486
-29.96378765939225
-29.87105034044993
-29.98088929908619
-30.03236114179762
-29.98469153184254
-29.95430447996516
-30.00652387809901
-29.91070345900092
-30.02149593612111
-30.00751695154061
-29.92463557401049
-29.85987369372323
-29.94964341582368
-29.938831173276
-29.95801859942392
-29.95950762464715
-29.90171928919474
-30.007901733721
-29.99732985829331
-30.00717627091426
-29.97706050984863
-30.04032447143716
-29.99040236911366
-29.95878218904536
-30.0427759823158
-29.8921490835854
-29.93320190147732
-29.99009978270737
-29.94355202492608
-29.89587570091525
-29.96222912313157
-29.99828539736152
-29.94926697188755
-29.93827982002248
-29.98661495795039
-29.96322123130839
-30.03902973127711
-29.95157084265519
-30.01616691750088
-29.9732063903713
-29.93732988300178
-29.83662273079555
-29.90713724203353
-30.02518657840493
-29.97879977517048
-29.98301488159931
-29.91338077531716
-30.02778612462102
-29.88302167425009
-29.95478401672744
-29.9093054920598
-30.02998216756001
-29.94665199213731
-29.97542417559086
-29.88704674496019
-29.89758921116548
-29.98996797903581
-29.95655779910624
-30.012501396201
-29.96620699931508
-29.95266040534479
-29.91805903776657
-29.91441836207832
-29.96512147234694
-29.99749642329279
-29.89832408222404
-29.89370973487392
-29.94263470533125
-29.92690698942472
-30.00712363138839
-29.9544317924644
-29.95186375242269
-29.93041956610404
-29.92969873505636
-29.89375412673441
-29.97894573414605
-29.88405735632469
-29.90997354572417
-30.04293203251446
-29.92953795960704
-29.93846270613338
-29.96164277474237
-29.95070094911458
-29.97852478216419
-29.91689557053525
-30.08076491421831
-29.91887138231435
-29.95292132526341
-29.98185758379152
-29.91981836815301
-29.92665583693816
-29.92750130234357
-29.89234269212987
-29.92914344238573
-29.94478890770566
-29.97447201138146
-29.96234459650811
-29.99457280639795
-30.02627703258257
-29.93864246667122
-29.97491782097909
-29.93875712313347
-29.97375547301383
-29.94218542554258
-29.87046282578034
-29.95135890131178
-29.88781664459672
-30.07888531003368
-29.90209833841968
-29.95009463894186
-29.89568552554719
-29.93795808037387
-29.97440057549839
-29.97932699378492
-29.9805128906502
-29.96921959051523
-29.98396603674455
-29.9168324724232
-29.99166232230009
-29.94358353253805
-30.03745172825434
-29.89931749797634
-29.94736605291986
-29.87661987228327
-29.97708959697464
-29.92526697959514
-30.00029495520811
-29.88928021585772
-30.00282423176348
-29.95083462160646
-29.98968628823082
-29.98455329535411
-29.96362119931494
-30.01449265334705
-29.94802154377072
-29.84600302011707
-30.01347660091813
-30.01698496435943
-29.95959940317461
-29.89985389844417
-29.9647247791161
-29.96690904950941
-29.92980712630299
-29.94334641120953
-29.96451859956683
-29.95282125268312
-29.92740801134527
-29.98816714065683
-29.9417542179574
-30.03686010075737
-29.97572119729196
-29.94606357402568
-29.97946966488318
-29.95142556065805
-29.94231898832834
-29.95101885644664
-29.98664177201002
-30.01762112756774
-29.94133263630442
-29.98573791283806
-29.99048454451115
-30.00300928709205
-30.00472989805246
-29.94884962164802
-29.98377400453757
-30.01057029772312
-29.99460773927699
-30.00877311630737
-30.00515951427354
-29.94845048528095
-29.96535586990052
-29.97952616883001
-29.95422703028117
-29.98655924482833
-29.91769476295407
-29.9554754933713
-29.93636770999743
-29.8985666040285
-29.94861015644057
-30.04415817701101
-29.89704660449643
-29.87999537665294
-29.95614858942878
-30.00093305587483
-29.93663883078668
-29.95458229702747
-29.97336841901359
-29.95125308281415
-29.99219120780663
-29.93099330940809
-29.93584730883305
-30.03914262954623
-29.98841699206713
-29.97504744318054
-29.99590410051245
-29.94088779197882
-29.94659227166488
-29.90035338362753
-29.99564439375829
-29.89047656526933
-30.02195093583349
-29.89363347504394
-29.91539946363256
-29.95083194787682
-29.98348055906148
-29.95372551163246
-29.9631528966495
-29.88711543007917
-29.9694716156031
-29.91127558818166
-29.96258783799489
-29.93549761709956
-29.97774693604227
-29.89094300999189
-29.90608489471651
-29.96806060771598
-29.97273677995457
-29.99125823687936
-29.8851446424795
-29.9884297205171
-29.90449739023115
-29.85446448822147
-29.88631081347717
-29.91810993349802
-29.96034810762573
-29.98526710330528
-29.9477227671448
-29.93740837006893
-29.92032334650308
-29.96757254168181
-29.93107601258281
-29.97051024220617
-29.98339143055387
-29.96087002193454
-29.91603978177955
-29.91856595621903
-30.01509540498473
-29.98394046809557
-30.01095550608591
-29.94163676632193
-30.02620784860082
-29.99325100900941
-29.95836841192844
-29.93822105752434
-30.01528610420473
-29.95822705842582
-29.90273875710528
-30.03526370188207
-30.00837583890774
-29.99657813079088
-29.92564470376311
-29.97275170390888
-29.95761212826975
-29.92807096014673
-29.91505716380009
-29.96898299909175
-29.9731400517321
-29.99669487618462
-29.94185297305021
-29.92914519619063
-29.93495502319523
-29.96279373805207
-29.95743918845043
-29.95908336451245
-29.84316513080449
-30.00078393614392
-29.95302915970538
-29.94141709341249
-29.9941334031507
-29.89438696344653
-29.90806619755523
-29.98160205752558
-29.96487994487735
-29.89717725547925
-29.96002710865613
-29.92284479802354
-29.93751263448846
-29.98886594731614
-29.96064240362802
-29.95204548908897
-29.89303242901424
-29.9577658705267
-29.99208221916754
-29.94163785827716
-29.96752264158683
-29.92036424501652
-29.97177222569176
-29.91669397488621
-29.89933461579944
-29.95666386084204
-29.96083391425041
-29.94456723904748
-29.87989702236684
-29.97084146108269
-29.91766455171392
-29.9488252991485
-29.87246920496749
-29.95853262374905
-29.94794979896182
-30.04043627819454
-29.98395560259059
-29.95662623428937
-30.01980225524694
-29.92748669924228
-29.89347079213127
-29.9585171017338
-29.99841881100304
-29.98577583101136
-29.95211158363905
-30.02685666732238
-29.91897165241024
-29.9960359205481
-29.94149582498019
-29.98426666477569
-30.00190680453236
-29.96773362239109
-29.9834764587151
-29.92398263035499
-29.87952856214515
-29.9663066537229
-29.97549448905932
-30.01473054583099
-29.91846209918282
-29.94823084320824
-29.96658413014895
-29.88705304817825
-30.01033511233598
-29.92247062346334
-30.02264388161062
-29.95721999941953
-29.93674659425712
-30.02829349974221
-29.97462317233465
-29.92578343575364
-29.96683722013974
-30.00858627237068
-30.03799810940223
-29.91956597448961
-29.94606090511326
-29.97751014163394
-29.96733959304443
-30.00930080658699
-30.05408930086995
-29.96460723342678
-29.96851658710426
-29.95363823321482
-29.87073847180421
-29.96870636532312
-30.02291625838608
-29.94605956061941
-29.8910825773921
-29.96830751058964
-29.98042001012977
-29.96096548496021
-30.03570123394606
-29.98743055743719
-29.93637878245062
-29.98880048643227
-29.92111646706871
-29.87937936162588
-29.99675502695837
-29.93169431868157
-29.91838464436661
-29.92024249551103
-29.99581057570122
-29.97861215901638
-29.9728445946359
-29.93837760039728
-30.02352824567569
-30.00392763002241
-29.99380779204128
-29.92396345882278
-29.9333737070782
-29.91575365164937
-29.93708469847932
-30.0420948994193
-29.92974671418703
-29.95742552780694
-30.09041607518781
-29.92991791089587
-29.95458558513658
-29.92121901710883
-29.96967647521352
-29.96771197046971
-30.03418110059477
-29.96761138362893
-29.96884936960446
-29.93289494331962
-29.93418929138515
-29.96958090912364
-29.96719437675069
-29.98516164454431
-29.9282357874207
-29.94379000399433
-30.01394682254412
-29.99172624744701
-29.96332941847665
-29.95302404685959
-29.95740895500828
-29.92631336129986
-30.04107806713739
-29.99724026464479
-29.92561915299195
-29.89562411347146
-29.89484401915037
-29.99199586222801
-29.96599802437802
-29.94176759644946
-30.02069930027508
-29.98563000361396
-29.98760977203017
-29.9184000682672
-29.96800457675607
-29.90130949977348
-30.00669418754678
-29.97704214146581
-30.01149309544471
-29.91920474705127
-30.00845067126867
-29.95310043942881
-29.94277224171039
-29.89870467659995
-29.8700279989287
-29.97147907867065
-29.9883689498811
-29.93785984321617
-29.99799837026008
-29.9296281149646
-29.93001633861029
-29.98674175769946
-29.93554282736012
-29.94232760003017
-29.95618140238248
-29.92074031728366
-29.97071333482111
-29.92790518127538
-29.92956848870986
-29.96280749880661
-29.91363971431941
-29.91794158815801
-29.89397912712896
-30.0178531470162
-29.9869861950719
-29.93643797919611
-29.97998578693011
-30.0082133568443
-30.03721107866787
-29.96941677786362
-29.98525769782569
-29.93331737233744
-29.9467867681075
-29.99455041335546
-30.00880381345047
-30.01083681457225
-29.93014290541518
-29.90407599648866
-29.92642210731389
-29.98649243050235
-29.98247732546576
-29.973420764243
-29.95143834306377
-29.92808794252524
-29.87408932114679
-29.94839834067755
-29.89214581394134
-30.00152906807758
-29.95196849883668
-29.90926373213879
-29.96292056094243
-29.90323225901476
-29.96953194512503
-29.95638688795114
-30.01438368059091
-29.95796178504927
-29.93591938827144
-29.98141927662828
-29.97689656837729
-29.90132231490351
-29.99101332435026
-29.95266360245623
-29.89521739391421
-29.97028872906948
-29.94025149384473
-29.87388447922673
-29.92708754789017
-29.93004734606929
-29.9693010005005
-29.92013126684037
-29.94559968958207
-30.02103267912243
-29.98942790118615
-29.93723730876528
-29.960918121408
-29.90853580022797
-29.95292615597585
-30.08680044505163
-29.93052262998698
-29.91676797246333
-29.92729666612154
-29.97379027801226
-30.0109543710283
-29.9067230932298
-29.97852492264052
-29.98716905190684
-29.84686996696475
-30.01266758940441
-29.93921538575085
-29.99552858623644
-29.9619067479713
-29.93649951755096
-29.90484704767577
-29.94371171511484
-29.9560992107363
-29.99857994756479
-29.89693409875971
-29.99196516346312
-29.94882076358187
-29.986438895633
-29.93117358697706
