-29.95242321432345
-29.96927863511458
-29.92363944655921
-29.93549783628833
-29.96544175542202
-29.94695710338046
-29.95125668118686
-29.93060459955634
-29.9241911867524
-29.93367259905812
-29.93833563850287
-29.95216051323647
-29.98948444777659
-29.92109564005399
-29.94497924102152
-29.97574207310743
-29.95592192188893
-29.99686064855963
-29.95561106537964
-29.96532703973124
-29.95472660580044
-29.94235541515059
-29.9780574740271
-29.93592000687781
-29.95027995848517
-29.93325106454606
-29.97190950698826
-29.97895562448953
-29.91952878132594
-29.98136135203531
-29.91504290751114
-29.96384438876884
-29.9432293895496
-29.95536627778041
-29.9422701811342
-29.9877774426886
-29.9924842191154
-29.93013084018294
-29.99571021073961
-29.91008606327824
-29.95955532253097
-29.93035283757062
-29.97404651017743
-29.9590080364287
-29.96599073006174
-29.95762339982524
-29.93816609563505
-29.94886686660512
-29.97831358173637
-30.00685799367844
-29.92811907430402
-29.96809045469393
-29.93980917421946
-29.98194924322881
-29.95300331803962
-29.96822102790605
-29.9556608859355
-29.94051231413121
-29.97049212335136
-29.93117487854671
-29.94484856480154
-29.99127873167458
-29.95972751247385
-29.94817978484403
-29.94257084517958
-29.95729516999479
-29.9585302346058
-29.94158258883956
-29.95955986653782
-29.98224410448507
-29.94026968363752
-29.9614055421756
-29.92430448311663
-29.96012126402183
-29.95777494222835
-29.93561389638802
-29.9784601319102
-29.97175951001743
-29.95005907437698
-29.96581327436506
-29.96696995888227
-29.98405097554251
-29.97985642183814
-29.97462620992567
-29.9724609949617
-29.91065375509893
-29.97302349503787
-29.97103056040218
-29.97921489060044
-29.95314781872457
-29.95533449005376
-29.99203726531886
-29.93965898297471
-29.97270171696392
-29.98453070937035
-29.9680001116527
-29.95193413518582
-29.94691295682541
-29.96696071296274
-29.93740241436343
-29.96409392685246
-29.97155577174196
-29.96053859393274
-29.92215512899877
-29.91552022195752
-29.92815840634712
-29.91635022322725
-29.98988365184806
-29.93653237863696
-29.8863838215953
-29.9671394952308
-29.97252023484478
-29.94859824918
-29.99134684623729
-29.94995201911424
-29.94062657096868
-29.96392213322002
-29.9601303441835
-29.96465465825252
-29.94523688952669
-29.98433188308012
-29.96203325004573
-29.95016429172431
-29.93982305144913
-29.96549178536031
-29.94669962206783
-29.96843337533067
-29.93984024551251
-29.94965489129527
-29.95172311852149
-29.93457357621794
-29.99024617188541
-29.99621699392317
-29.9404277723988
-29.9543422622072
-29.97012330406807
-29.91642176157158
-29.95113501866014
-29.9734110064841
-29.96743103339901
-29.92298440452259
-29.96651766340401
-29.97960219740148
-29.96246918878014
-29.93364780490441
-29.96325947092125
-29.96916227326367
-29.98969325479577
-29.95106107784204
-29.96763066739497
-29.95039389355252
-29.98508096297124
-29.93041719034866
-29.91110215610985
-29.99912002529566
-29.95698567756248
-29.97772211748046
-29.94089189852942
-30.00950610644255
-29.9899849166656
-29.95581522687814
-29.97053969255251
-29.95972699745144
-29.96824360971479
-29.94223809075717
-29.97226298800355
-29.9607897684091
-29.94219802874754
-30.00694671863259
-29.94978491671594
-29.92255635410987
-29.97318222774227
-29.96703245893831
-29.94240007885414
-29.94498636621802
-29.96482338223829
-29.9486696151543
-29.95580696017486
-29.94498263176681
-29.94951323424199
-29.97167369098205
-29.95494935356348
-29.93550771895403
-29.95186840040304
-29.98645855148967
-29.97230197477742
-29.93048734970922
-29.94263936378054
-29.92558162068
-29.94219280313259
-29.95131553248125
-29.90102131064368
-29.97794862423819
-29.95950140306099
-29.99498965663783
-29.9040013946839
-29.95371294515805
-29.96706723995192
-30.01490635582738
-29.99365078566187
-29.99333933379839
-29.98502694209979
-29.91580102390672
-29.92925973412023
-29.92655235861508
-29.94448515065745
-29.93677622880348
-29.9173205171844
-29.92185662710108
-29.98931345112009
-29.9761785884379
-29.95517532756083
-29.96451034226879
-29.97439184631907
-29.95458876196579
-29.96443131693894
-29.94747806152857
-29.95042622200802
-29.98695304296638
-29.96968209460187
-29.94657344456259
-29.9482396260316
-29.98517402007373
-29.97119184626269
-29.95526738415107
-29.98557326926885
-29.97259502003436
-29.97366435743902
-29.97065367232215
-29.93235923025353
-29.94137246151465
-29.92386154916591
-29.93177887306135
-29.95687169174127
-29.9153556831739
-29.9664047166616
-29.99860146928197
-29.96230745318991
-29.98201653210246
-29.98133600119881
-29.93746812983855
-29.96072450459015
-29.93703808775434
-29.91751839190379
-29.98354265829951
-29.95840914777577
-29.9541975337506
-29.92919752658744
-29.97053765145879
-29.9517299057547
-29.95614069815943
-29.96314119482651
-29.93793003292031
-29.96573629996195
-29.99702566395702
-30.01871470017113
-29.97262152396672
-29.92922502511945
-29.9556864105015
-29.93776966713623
-30.00936476754559
-29.97816455276534
-29.96620013973233
-29.90880164472403
-29.93701664301476
-29.9500165093885
-29.94982409989031
-29.97483583036622
-29.97505187795862
-29.99643963506988
-29.95299026004403
-29.97473408259269
-29.95836930614254
-29.99478415864115
-29.99388767565596
-29.97785917522198
-29.96741676136567
-29.96359186403521
-29.92231656218577
-30.01565953472956
-29.96649164622947
-29.93457854667934
-29.96666813694516
-29.94410592025943
-29.94953503212827
-29.92395330962475
-29.95311506226547
-29.93166870652759
-29.91852702246064
-29.98151016401386
-29.95156650547432
-29.92551021246659
-29.95197958512115
-29.95816426397185
-29.95049657080201
-29.95728835429908
-29.94053183868176
-29.94184718060345
-29.91872018148893
-29.91827375464766
-29.94048533697778
-29.93133678965688
-29.93544733071129
-29.96647616655037
-29.93864982712188
-29.94927588613647
-29.92268807379205
-29.97382478808395
-29.915869007186
-29.94987123327779
-29.93473092139089
-29.96197025784141
-29.9815439803637
-29.96099237461394
-29.95921681381438
-29.94977199777874
-29.99468630988586
-29.95623258597588
-29.96025236082534
-29.97143712372026
-29.94606574213434
-29.97791696050012
-29.94027794191206
-29.95518715821321
-29.9624915467211
-29.93562254802954
-29.96865574325776
-29.91662816035164
-29.94161954158324
-29.96897524394721
-29.95673972123137
-29.90305117298509
-29.95697221339557
-29.99252445139022
-29.97113492749363
-29.9258185167709
-29.94641531664367
-29.93357772416933
-29.98266997706746
-29.91521499527116
-29.91613072429418
-29.96079838162831
-29.9556070514739
-29.95723573006344
-29.9890373604329
-29.94795724469582
-29.9487928346967
-29.99065116849913
-30.00237757159156
-29.950092770166
-29.9673037377321
-29.93779920877086
-29.98929486567617
-29.94062713806721
-29.94882683199992
-29.98464015698615
-29.97262096898888
-29.98315437588352
-29.94418973155665
-29.95470970581488
-29.94647145690904
-29.97445691355009
-29.9452714411945
-30.00375394930894
-29.94501878456087
-29.93642241831758
-29.91166688145446
-29.9797442151801
-29.95663424955099
-29.95207495884983
-29.97514557945733
-29.9437931872145
-30.00148974732611
-29.97500049801877
-29.94590840438276
-29.93436726688198
-29.94157092849524
-29.99006276752112
-29.93155470584237
-29.94222704153893
-29.95747367658212
-29.96739336476148
-29.95444090634012
-29.93525555367662
-29.95164731911996
-29.97315927314584
-29.94256910229313
-29.95603759598466
-29.93573147085098
-29.95776476354379
-29.9526343236492
-29.94933235823677
-29.90599416823059
-29.94197337956646
-29.95420749328763
-29.98343067269314
-29.92431851733956
-29.96392101467674
-29.96697320484915
-29.97858626946518
-29.94890839394709
-29.97025207749968
-29.9757013287398
-29.95845873784008
-29.96754311995357
-29.97626694545341
-29.96579443632245
-29.93848535113388
-29.96767203991996
-29.94991656773328
-29.95854622651696
-29.9189153981267
-29.97457567019573
-29.94582723560222
-30.00073809023647
-29.95788337220559
-29.99376070354316
-29.92952253570804
-29.94796338964608
-29.9586399271939
-29.97326683630404
-29.95321579659194
-29.90102414505274
-29.92758436815223
-30.01289973883826
-29.96638914663227
-29.96364646496505
-29.97029536061588
-29.97623129079495
-29.97082140093719
-29.99397229900585
-29.99947056571127
-29.99184218309264
-29.98122712520138
-29.96040858254737
-29.9666802013511
-29.97222736699112
-29.98789263763328
-29.99041145778034
-29.91937910505083
-29.96940194661797
-29.96962041882078
-30.01479387770449
-29.93500693001335
-29.92934256468263
-29.9796184007395
-29.92773220714668
-29.92725989249571
-29.98316315825693
-29.93214639070641
-29.9728645390377
-29.99227043223551
-29.97659140781852
-29.9536132316024
-29.95423861116699
-29.96004555135212
-29.96352705662681
-29.90617554201031
-29.93319213948892
-29.95509072575854
-29.96696087063508
-29.96106707323501
-29.93153280018016
-29.98696761051576
-29.96006002724067
-29.94757431162439
-29.91627197421481
-29.93993022517628
-29.97543677330977
-29.95053815006587
-29.95965222167987
-29.98312603800457
-29.96094358178079
-29.92694763144214
-29.9777544023064
-29.94751303740714
-29.97537754837702
-29.97197426695733
-29.97251846918251
-29.93561487836316
-29.9580185768132
-29.92895485094646
-29.93138580763471
-29.99393772731261
-29.94370416878713
-29.93513221460403
-29.93573740731438
-29.956769064082
-29.97563447111651
-29.96324511511052
-29.92858346397604
-29.96776487625838
-29.97795006668882
-29.9941041940254
-29.94073870065744
-29.95935680816675
-29.94826361782067
-29.92710366987107
-29.95021160768098
-29.93049742119045
