-29.96364981297062
-29.88956161845437
-30.1008829704838
-29.96827641585335
-29.94876194614207
-29.95810557817943
-29.95623547029668
-29.94807386396192
-29.98677493523051
-29.90411395184084
-29.97223456874131
-30.0261389788686
-29.98012495950397
-29.97521222580091
-29.9444172555705
-29.99909963494654
-29.99722015177469
-29.95221493334937
-29.97793154733362
-29.96371206660003
-29.98093511255179
-29.9509038153511
-29.97322614171637
-29.99406022028289
-29.99389922791181
-29.91464325927623
-30.02498108100093
-29.90740307222463
-29.94683948862617
-30.00884257647222
-29.88800911277561
-29.90093205061024
-29.9410321063929
-30.01645514780458
-29.9594320586831
-29.97434003343739
-29.91692637594115
-29.93356787019285
-29.91875090479662
-29.92578756163485
-29.96124993715185
-29.95051728030487
-29.98313742167782
-29.94278765617616
-29.97614376595363
-29.99418685024109
-29.93939572268726
-29.95480255180527
-29.97049600614497
-29.87648761599075
-29.94012558723244
-30.0037153481639
-29.95175863916066
-29.92408313986487
-30.00662732654555
-29.96449725371938
-29.90010393549429
-29.91821952798878
-30.05484578429184
-29.97743528010545
-30.01909868650172
-29.89122825087998
-29.93374060249492
-29.96335215784487
-29.91167558816564
-29.96317803397624
-29.97341894490842
-29.9202255169399
-29.95459440194477
-29.91700149357342
-29.96545096176471
-29.9273397284343
-29.99299901869017
-29.9197969993895
-29.98762475741394
-29.95735803740583
-29.97727266426048
-29.97612649383906
-29.89993171923368
-29.86716013172084
-29.95656639834186
-29.90199503148936
-29.95075911775409
-30.0155992178917
-29.95902667818328
-29.93582059825574
-29.95999863114862
-30.02480461635259
-29.98204421969401
-29.9598480365952
-29.97162031593572
-29.93876234413511
-29.99096115785381
-30.0775932838046
-29.96656457272541
-29.90737934048424
-29.94559537748097
-29.9596469220823
-29.97120387523405
-29.969454387703
-30.04019888837336
-29.95035699202308
-29.93109298656955
-29.96860567287334
-29.91976819284764
-29.93676693964738
-29.96149125325568
-30.05163174593061
-29.91901498850322
-30.04252158405178
-29.96269423785977
-29.8849214685942
-29.91791219235196
-30.00252498296533
-29.99067219538444
-29.88227928535278
-29.94642121911322
-29.94907334807173
-29.94408053204575
-29.96892441789618
-29.94458089429728
-29.91250691259965
-30.04511894710388
-29.91506738665398
-29.874662451147
-29.95140818732218
-29.91793054381539
-29.98573153503142
-29.90942312693464
-29.95063986698648
-29.96397234283943
-29.96709993865321
-29.92991449807734
-29.90492503629585
-29.88005570789831
-29.93363147046236
-29.97856563343949
-29.97515833684592
-30.07237458106075
-29.92990015007929
-29.94047896669156
-30.02075561098878
-29.95774530747916
-29.97781885724213
-29.93973254938553
-29.97040555012347
-30.02167046848114
-30.04459001047543
-30.01131926211629
-29.96140975218705
-29.90774804083871
-29.88854931957592
-29.95464667041537
-29.95796393647694
-29.84500295105258
-29.94649438120884
-29.9995368085318
-30.01797536179366
-29.94625951366747
-29.91807879982029
-29.97686454469072
-30.03195596206033
-29.98098264962923
-30.02243074972222
-29.99647152256185
-30.02872996325934
-29.93136271896368
-29.94098544693916
-29.99022234846538
-29.87809575223876
-29.98528458562721
-29.91711038960347
-30.00579700301055
-29.8956490491145
-29.8429353110487
-29.98100905753617
-29.93901963328629
-29.96645428156226
-29.93554221092306
-29.94842997170134
-30.04147647072429
-29.99305255772202
-29.9264607352473
-29.94581993148627
-29.92080467534379
-30.02238189167155
-29.94497064080288
-29.93802855654419
-29.99018493453486
-29.94107376647329
-29.9797693256418
-30.02667875578549
-30.03479316197404
-29.91795833119998
-29.99514119629591
-29.94804363757185
-29.98397965769983
-30.05363208173727
-29.96860769876359
-29.95667840405527
-29.95182325576709
-29.81806072545182
-29.98575112626028
-29.92574257517182
-29.92733984711765
-30.04790676575336
-30.00707411601711
-29.96523054936777
-29.95407088808854
-29.94487422812729
-29.9685626481908
-29.97316379287909
-29.98463118594412
-30.022233169541
-29.9401355249758
-29.90290288941483
-30.00706847634207
-29.99956681567987
-29.98417415880309
-29.98212154092456
-29.98132862082583
-29.95442751625226
-29.97417997097356
-29.91231706021221
-30.05852662365677
-29.89385636169542
-29.99675721576301
-30.00770579066477
-30.00792204351363
-29.86556336678071
-29.93980909012033
-29.94927574811972
-29.90369789074041
-29.90226679276568
-29.97452020888723
-29.93825871286879
-29.9424432488409
-29.98078172935735
-29.93541889751382
-29.95741443848868
-29.91019850478039
-29.95202774046848
-29.98608904935434
-29.98800727072226
-29.98002171636376
-30.03717067378189
-29.99383496805407
-29.95164961710639
-29.92710705594504
-30.00160704449464
-29.97951000006649
-29.93687031329835
-29.97919125028469
-29.93048778197711
-29.94442501112385
-30.00374970629661
-29.9658868010609
-29.97597042210912
-30.00318490748186
-29.95837425968438
-29.97138914259996
-29.95939259477052
-29.97659920745432
-29.99463811598139
-29.94761291894089
-30.00282358537919
-29.90471603922128
-29.99935521812663
-29.92128146350695
-29.98055502087681
-29.96388317110724
-30.04176026690465
-29.99375003670414
-29.93156325685494
-29.9812192818091
-29.98520633313905
-29.9330303284965
-29.97551823782081
-29.97127761116332
-29.97365132378469
-29.94423130701315
-30.03352699342184
-29.98430917318939
-30.00472522046223
-29.94171295619931
-30.01151291402888
-29.9332534136415
-29.85327739619226
-29.97570150711564
-29.98349597245256
-29.92584652525224
-29.92087354651051
-29.95288680675345
-29.98930878800155
-29.91104004223819
-29.9853135887249
-29.98606718570691
-29.94126205591109
-29.9590393067546
-29.90299908756198
-29.93802553797223
-29.95797380291713
-29.94355134068935
-29.98827872839669
-30.01789077226696
-29.97196022670689
-30.00221054558606
-29.95084954349397
-29.89230218566553
-30.02710099236052
-29.9251089853861
-29.93937594005393
-30.03713827071613
-29.90607919468928
-29.95578169999617
-29.97850401758676
-29.96897687801425
-29.91714145461739
-29.93009564703398
-30.04622603732678
-29.92757115718573
-29.96378688142436
-29.9632539221915
-29.97716948762385
-29.92561916621134
-29.96849871041561
-30.01209788872313
-29.96402013938645
-29.96045412945114
-29.9829715634202
-29.91895218931772
-29.93923060473467
-29.99684818776597
-30.01919894330527
-29.89594857521563
-29.88977673305831
-29.9744436532801
-29.98539785288079
-29.92159006129706
-29.99843591628606
-29.95543902412056
-29.91970905792495
-29.98695990491722
-29.96113753388747
-29.97046882247441
-29.98377179557909
-29.93591612738936
-29.98670433742989
-29.93448345404521
-29.9563288557699
-29.97402532442142
-29.95406571494617
-29.90242699618217
-29.96429920927293
-29.92384021979515
-29.96294638726394
-29.90868621093838
-29.95298993237312
-29.8623839170949
-30.08789542130589
-29.91805229950068
-29.92116023720538
-29.98744996571267
-29.9708415926602
-30.0065360142518
-29.86693827620491
-29.93392918124632
-29.93092861457886
-29.93916481665668
-29.96441341892105
-29.93555268430628
-29.99212494103913
-29.98064128167221
-29.92546367423979
-29.98804136103504
-29.96378491557802
-29.90915689138868
-30.01780518452081
-29.97005629143217
-30.01226243163783
-30.02163686497907
-29.969176146618
-29.92882841339122
-29.93933270002389
-29.91168016763879
-29.97166208176857
-30.00365147578626
-29.91374498214947
-29.94718299892752
-29.9627106235398
-29.9664736760066
-29.88741176601588
-29.95783470995648
-29.88322605042033
-29.92111384333662
-29.9892572773382
-29.93945685750781
-29.94365872319124
-29.91698790170701
-29.89454720992943
-29.97708126850897
-29.92039574878193
-29.94631374829951
-29.93579345137705
-30.00637131190841
-29.94638677151725
-29.94409387482531
-30.01402156218982
-30.01673909029684
-29.96426051582077
-29.95721575124428
-30.03150820598857
-30.05051988700493
-30.00084728813734
-29.92981128627712
-29.90940139424035
-29.99581212442858
-29.98566106281445
-29.91656044370434
-29.99953751476411
-29.91159773438066
-29.94073114853642
-29.9749200564063
-29.97468306672668
-30.000564660217
-29.94856538384438
-29.95203606610795
-30.00460662202721
-29.94470889847815
-29.93875462686206
-29.92912018388592
-29.99998463772904
-29.92603428471607
-29.95380712780084
-29.98995989462635
-29.95767630979094
-29.92861429220558
-29.99766258265699
-30.05406689387166
-29.93406165733591
-29.86070344632795
-29.98185736833917
-29.96126785536758
-29.97329009219574
-29.99956756736552
-29.9312572266704
-30.05237042215042
-30.01639383392974
-30.00340658399336
-29.95760189287712
-29.95577805007552
-29.95896211120823
-30.01069885319702
-29.96852912710181
-29.95476586169554
-29.94620240046319
-29.87415909324847
-29.99237833007989
-30.01834527875965
-29.96609687565206
-29.89259994117752
-29.97636222936044
-29.9425060196201
-29.99584870059969
-29.99889337582233
-29.98919430338312
-29.93946136186864
-29.9978909449494
-29.93260677023172
-29.95394967431725
-30.04990661737553
-29.94729670578182
-29.92541052704167
-29.9890217113922
-29.9918396465793
-29.94930291209864
-29.89978819349932
-29.9207280453852
-30.02424212101939
-29.99570371549304
-29.98179329668714
-29.98690104415938
-29.95248873908836
-29.97609414225673
-29.91046991316719
-29.99819965886671
-29.98022823496323
-30.01789903307303
-30.01206320613448
-29.95452685775874
-29.91700012910493
-30.0022980690429
-29.98798726845984
-29.95590991385129
-29.97945946303854
-29.95784312154234
-29.99225206902193
-29.87232188982374
-29.92379901866804
-29.96909386669424
-29.98777700515127
-29.95270092307846
-29.93777012697939
-29.92333991665205
-29.92709862262139
-30.00026512667
-29.95748593296889
-30.02492133013425
-29.92379864522375
-29.92100135282432
-29.9273871432789
-29.94587310547628
-29.96816323703392
-30.06408599759396
-29.89102325071328
-29.97929002897796
-29.93434078724664
-29.99152913075623
-29.93653482723124
-29.95898624962284
-29.9358313948751
-30.03513976553792
-30.04692515560074
-29.95001061323951
-29.89444917348266
-29.97804660561403
-29.94310454182535
-29.95681920849576
-29.96143978111792
-30.00182268870233
-29.984497755981
-29.91224084262554
-29.95304068553583
-29.94829242601153
-29.96533564537235
-29.90805342101138
-29.84761405301415
-29.88848796093227
-29.97562780311263
-29.95573268673142
-29.95725223876374
-29.95153403298412
-29.90841359668275
-29.90378173234884
-29.9611154524998
-29.92929927992777
-29.96985422013054
-29.92733649534143
-30.01536612055487
-29.91451280033169
-30.05232410704132
-29.96382886752621
-29.87885207828739
-30.01221002411751
-29.90318730517033
-29.96468603177729
-29.91817081996152
-30.01126032610766
-29.88968789764032
-29.94877518134667
-29.99276088436357
-29.93323000081082
-30.00401095844779
-29.9547839989177
-30.04881927511476
-29.87521793734508
-29.9759942442763
-29.98535125105522
-29.97400511736019
-29.95479199709046
-29.97003966101084
-29.95761512729995
-29.93559711817559
-29.89661672013032
-29.91068965974295
-29.91852518752093
-29.93473506752994
-30.00948692330384
-29.98892122133505
-29.9272414219697
-29.94922163588767
-29.93660670203644
-29.94114252581704
-29.96514082847825
-29.97930261268515
-29.8989811640858
-29.89082699508327
-30.02208981351986
-29.90226401459601
-29.92481119548719
-30.00561939590461
-29.93826421835139
-29.95439004593275
-29.97360553470727
-30.02051502712215
-29.97886833719312
-29.92422440456967
-29.9740254766507
-29.97495703760949
-29.99273028591259
-29.93773289070818
-30.02319669226126
-29.96221632368559
-29.9305919056598
-29.96637606822187
-29.99900385586416
-29.99202174306634
-29.97608040461724
-29.98336654457057
-29.98313254346578
-29.92424104193793
-29.97070716675631
-29.93634603231322
-29.9437325295962
-29.95883307088422
-29.93561665636804
-29.94685807565544
-29.89576242417914
-29.92744359925271
-29.90848096267015
-29.93574597197192
-29.95240860180292
-29.93975546900986
-30.08683436820532
-29.99753989488288
-29.88048969152737
-29.87752844004435
-29.96654805526327
-29.85386092154058
-29.98557325607304
-29.96072582942397
-30.02042538942382
-29.89150948996299
-29.94461832372376
-29.92175805603188
-29.98164235125675
-29.93906160307412
-29.96297259267013
-29.96439142842657
-30.02685308909489
-30.01933236395997
-29.90812433940309
-29.94564162484247
-29.94368791286758
-29.9294107933779
-30.00498686288446
-29.95846383298311
-29.91226031236636
-30.03280450113334
-29.96004085886937
-30.00465742717451
-29.96659215328008
-29.93290278496463
-29.94288810548858
-29.90214573185399
-29.90300874941235
-29.91772967729165
-29.9823355233024
-29.9154869224387
-29.97296136699029
-29.94378239830352
-29.94976039558441
-29.91903155393339
-29.96571078836545
-29.94620244758447
-29.94407472238377
-29.96265239468115
-30.04886598789087
-29.92289191065557
-29.99903103553154
-29.89680472471206
-29.93253910540416
-29.88588056421672
-29.97488961982082
-29.99911999196977
-29.9607150482511
-29.81854614811776
-29.93779347342767
-29.91563003003932
-29.92409196268499
-30.01006913601292
-29.94281419722014
-29.93851397796566
-29.98205360117116
-30.01207798676481
-30.02260633352274
-29.93590353469399
-29.91234681340387
-29.91718819868012
-29.96092089759148
-29.98191957162128
-29.95676921001309
-29.95249078248749
-29.99029314269501
-29.97177691588532
-29.96768747065464
-29.9684829590479
-30.04054356218392
-29.90431823792277
-29.94187123722966
-29.86937940508728
-29.99784954251758
-29.9822709759168
-29.88708523674774
-29.96204338239557
-29.98070558662691
-29.93117931910612
-29.89386476177827
-29.92356098215368
-30.03348236408085
-29.94392094534848
-29.97105737500035
-29.93691777092478
-29.95173266107723
-29.93854067375385
-29.92129639756905
-29.99360134806341
-29.80689428304443
-29.9589094203225
-29.95289917915182
-29.91204751283937
-29.96003861515868
-30.00533018090343
-30.02297801384338
-29.94806134579068
-29.97744403817227
-29.97272120988321
-29.91769761484284
-29.88076338523242
-30.01401543903395
-29.91901004608975
-29.9385858359602
-29.99106785334344
-29.8996452953926
-29.93962405402185
-30.00368739460226
-29.95901860948032
-29.97110965390456
-29.91855231291157
-30.02189854507454
-29.91403246755009
-29.90674695401322
-29.94979825231366
-29.9696171888964
-29.88578197313862
-29.91528698867362
-29.94048966515215
-29.99962518395601
-29.93117566410725
-29.97353311974392
-29.95685930756819
-29.93770586776004
-29.94577839930243
-30.08937033425794
-30.04007102330819
-29.86454582985944
-29.99048700174958
-29.9079072042155
-30.01913395097185
-29.893291279332
-29.95028368519051
-29.94786626431662
-29.9059052324873
-29.94466651436202
-29.97350487700534
-29.97159900114433
-29.97403145193808
-29.98519641103433
-30.00902932989928
-29.9551493163605
-29.9212162213848
-29.87575960422863
-29.97285728834653
-29.970967763921
-29.98903791748917
-30.03681392057184
-29.96116925242241
-29.98345997792037
-29.94473096877122
-29.98262805730728
-29.97689646434122
-29.89807172468308
-29.87188144491765
-30.01137697845466
-29.94062189919185
-29.93164277264902
-29.94628276879584
-29.9469766383553
-29.9435534898385
-29.99456235095271
-29.9815924050547
-29.939552748691
-29.96951080113403
-29.98666802069097
-29.87606021476789
-29.94856385069046
-29.96491976849667
-30.01788721441882
-29.99370940158703
-30.02103296819962
-29.94263399245343
-29.97457318990366
-29.95769092381775
-29.99246342685364
-29.92802824346469
-29.93761705184476
-29.8630727316833
-29.9907340334587
-29.95791114142563
-29.86827885574047
-30.00170057389926
-29.94157410794028
-29.99607696081069
-30.03409572221295
-29.99442885254583
-29.94251850480697
-29.92727619044593
-29.95187142492816
-29.95055971501478
-29.98187323651263
-29.95238549428883
-30.02714036437948
-30.01418222264048
-29.97414641133082
-29.96199288580218
-29.95910673297791
-29.97324307438973
-29.89722192909912
-30.00207491097142
-29.95367889550388
-30.03576431335705
-29.88174971498604
-29.89127112158513
-29.9200578513404
-29.96304421640898
-29.96111631979021
-29.94805733669151
-29.98122764809798
-29.97083348425816
-29.90736085988835
-30.03725209982368
-29.95606165276388
-29.91236830401989
-29.9931351408051
-30.029269640424
-29.98007957076159
-29.93025658282556
-29.97448163973442
-29.92461429304355
-29.92385093290007
-29.90223505017085
-29.89912312539232
-29.99114908997277
-29.88748521879139
-29.9177364654696
-29.96491602782559
-29.97088258435011
-29.99082486750132
-29.86363139622394
-29.97301062511406
-29.93596756870109
-29.871134754455
-29.99767514034265
-29.92705708904598
-29.92028479354256
-29.91026508993424
-29.95781591460059
-29.95581811108094
-29.92560640974656
-29.985507822668
-30.01352716496097
-30.01808836522844
-29.94481127231636
-29.96758169316909
-29.96152380668087
-30.01720497286124
-29.85897689198248
-30.01345034445527
-29.97933325660676
-30.00354765325311
-29.91889834293487
-29.92157151220403
-29.9115174233712
-29.96286569301879
-29.94459828641103
-29.89252762510881
-29.98378717116894
-30.00158945100615
-29.96069750259056
-29.9878435748296
-29.93953084608768
-29.98080031692275
-29.91076861780251
-29.89298414160287
-29.90666828111965
-29.97931131972565
-29.95688568679732
-29.98616544768164
-29.87671471402591
-29.93423260504422
-29.97488441575994
-29.92264847963619
-30.02731532986779
-29.98500377863799
-30.01375580121459
-29.98679327895292
-30.00896785800065
-29.91287760630632
-29.90889903082848
-29.98107129675996
-29.94888023157411
-30.03518144393341
-29.94345276061651
-29.97287129620802
-29.97616058936654
-29.88675182734265
-29.92294779285289
-29.9113503219509
-30.00499740944233
-29.93933859906368
-30.01175084081402
-29.93375466411173
-29.97376862361629
-29.92026808529541
-29.86035039224677
-29.93368808115292
-30.03414543215834
-29.96476612579111
-29.96478945520965
-29.92088975661136
-30.02888968160519
-29.89692285963688
-30.05000799130237
-29.93853170024146
-29.97354862967807
-29.90616541058512
-29.93776380028655
-29.93960202184704
-29.92755135518602
-29.94724620878654
-29.9011105086037
-29.99585451517861
-29.97785393254406
-29.98017439331756
-29.99534373133276
-29.92836427789885
-29.9407473849725
-29.94247421880952
-29.92308388053644
-29.92163392046196
-29.968580580775
-29.97025665012801
-30.01507223721695
-29.96317812188123
-29.93851453359449
-29.92916443401359
-29.95466837335466
-29.93122227241593
-29.99397122154176
-29.94338793016208
-29.97974499482516
-29.92822586724249
-30.01081659036409
-30.02075513551676
-29.90429691833096
-29.9255495795158
-29.95659723755355
-29.96115971666239
-29.92469471858846
-29.99336813100943
-30.02925814621661
-29.98780100247676
-29.94331879421642
-29.93177549865269
-29.93991496425602
-30.00515090533762
-30.01700301065072
-29.97878782435502
-29.91049474941323
-29.90900877099946
-30.07379714471105
-29.95825136965381
-29.9944999656658
-29.92438191648007
-29.87452775626013
-29.94331662311442
-29.91657435523015
-30.02532295326966
-29.93175628013028
-29.93726526489813
-29.9705635086092
-29.95852543161435
-29.9991796538052
-30.01968131872933
-29.9258648189219
-29.93389693616594
-29.94353381654355
-29.94191416249083
-29.99332451763377
-29.92142589788163
