-29.93012009346374
-29.97492105322696
-29.99188546700007
-29.96010400118974
-29.9407800479046
-29.91480044977631
-29.98015768419073
-29.94579856058011
-29.92403667351832
-29.97093677009337
-29.96016884249993
-29.94796488642187
-29.95527922573775
-29.96824235883541
-29.96885409586053
-29.93357270903685
-30.00214713196763
-29.96870120078808
-29.9628378890454
-29.95303095937902
-29.92306935299172
-29.90096578719143
-29.96514737495715
-29.93008111068729
-29.92688182873682
-29.99056403036428
-29.97929177322444
-29.96542292513461
-30.06388172333569
-29.96530736384215
-29.9688842156319
-29.93261179972399
-29.93411116767265
-29.94768757890555
-29.93962294994838
-29.94488652613124
-29.93537993344041
-29.96195861761502
-29.95438947462859
-29.96626020177049
-29.938662943521
-29.99590100347433
-29.95825952891214
-29.97082531307233
-29.89963378081801
-29.94236730433927
-29.97734889094214
-29.95948230917879
-29.98926246921879
-29.98463961050057
-29.96479091209468
-29.94963551275034
-29.94563333523251
-29.96875607327561
-29.97008191240069
-30.00180715965543
-29.92794009003596
-29.9451588332994
-29.93392341542658
-29.94497485742189
-29.93596525315743
-29.96151005079344
-29.93631390412331
-29.94781211401087
-29.97385928282358
-29.94307074822414
-29.94828140198562
-29.95989365233506
-29.97632815973162
-29.92882627169399
-29.93506277889002
-29.9767076580367
-29.94681324776784
-29.97368973601078
-29.95477449381498
-29.97254150357195
-29.94528491410696
-29.97306427461506
-29.94407496091624
-29.96338750813614
-29.97636449474435
-29.94574689628292
-29.98538885737055
-29.96437105935632
-29.95474164816394
-29.93831942596552
-29.93902494622487
-29.97480993232518
-29.96409412332586
-29.95249628772631
-29.927957008462
-29.97359913948885
-29.96111363889622
-29.9546769223891
-29.93251884453416
-29.97785017546947
-29.91421157382014
-30.03011972044436
-29.94414270686836
-29.99281772296922
-29.96739672381663
-29.93561221068749
-29.97022897021087
-29.93731283472606
-29.98047844263849
-29.97129775132066
-29.94832199960044
-29.93691046455765
-29.94615794387827
-29.93332433588023
-29.97623490934028
-29.93658899874715
-29.90437420630019
-29.97176327998409
-29.94225499011909
-29.95664367983685
-29.96490445784517
-29.9679904115502
-29.93727560034693
-29.9722919198834
-29.94263975159839
-29.94613021706019
-29.9892049785532
-29.94222583920359
-29.99827417703019
-29.97537601445873
-29.96180608567575
-29.99877147273542
-29.95746928000608
-29.92691927310888
-29.97370530474434
-29.95209666219522
-29.96560911557879
-29.95750622937621
-29.93021360488967
-30.00079823420331
-29.97174244415862
-29.94963819920511
-30.00242616047638
-29.93753079093081
-29.95241631937271
-29.95710071641851
-29.9948014383281
-29.99054209942051
-29.9667673329304
-29.93680822119077
-29.974071239778
-29.9551060022554
-29.97226378270134
-29.95195198822375
-30.02677831086577
-29.95689220235915
-29.99513001376236
-29.94904400067689
-29.93682073180541
-29.95252644892085
-29.95717452490773
-29.9240144122758
-29.98073228209334
-29.96463643647577
-29.90947908458887
-29.95385672458307
-29.94759493792309
-29.977571109592
-29.98865572829221
-29.95352615191212
-29.96227020247383
-29.91498613787254
-29.97868972265274
-30.00325595053505
-30.00599858697899
-29.96057921896795
-29.99794636778241
-29.97522900343878
-29.9889628797361
-29.94493167615536
-29.9601948465239
-29.99070130941973
-29.96044477265293
-29.92859801281865
-29.97220571630724
-29.95669214031584
-29.96748419210644
-29.95593112326597
-29.93637958397374
-29.93794414377111
-29.94160336145963
-29.97228083545092
-29.99966604251485
-29.97227166245884
-29.95794297233199
-29.97752387084284
-29.9655870583011
-29.97544942993717
-29.93533885336547
-29.91963361509009
-29.95876598231277
-29.96110059206064
-29.9702086471748
-29.95714397555434
-29.94800319223153
-29.98913199498983
-29.93954056319004
-29.93491012681607
-29.93789449474094
-29.97316211590537
-29.95211789617628
-29.97087330247968
-29.93819634710703
-29.9753297410093
-29.96082902115601
-29.97710469591725
-29.96200579612497
-29.95015493743174
-29.92344902400227
-29.95966720637934
-29.98758309891352
-29.9692717888966
-29.97443527227177
-29.94192561892606
-29.95051009047171
-29.94900916468892
-29.9331374174038
-29.95551537973821
-29.92038662239011
-29.92868672762462
-29.94743865422723
-29.94690739899513
-29.96779608819918
-29.94821009093162
-29.98575017667358
-29.9871444107029
-29.96062333623517
-29.95333740157273
-29.93649709803244
-29.96072950079453
-29.98921853873217
-29.91838293202727
-29.91968430687445
-30.01470993118115
-29.97669369068499
-29.96470094669662
-29.92278970201089
-29.94204187806536
-29.97246590495863
-29.91239409130838
-29.89482962928675
-29.9493589006705
-29.95220796048343
-29.9742283947139
-29.9083331425413
-29.91683271706303
-29.94933597888579
-29.94966079376342
-29.95736729840187
-30.01713375905796
-29.97106986798661
-29.93365671736965
-29.96889064255411
-29.93612192921032
-29.96439227519399
-29.98368983113449
-29.96869556530846
-29.94097154175154
-29.99256884197982
-29.9290098340742
-29.98208744879138
-29.95048412123465
-30.00283667831469
-29.92526548918436
-29.96329255172711
-29.96381591128686
-29.98623406429206
-29.96476829786042
-29.96061722086327
-29.96270752972485
-29.96822450589753
-29.95899139893708
-29.90330049531806
-29.94141489655446
-29.96636631865789
-29.98682596548061
-29.99491847248294
-29.95364804642194
-29.95928135328525
-29.96605627095947
-30.00837798212639
-30.02220966181129
-29.96790840051314
-29.98157532727683
-30.0014971711697
-29.9726904657513
-30.00940612244641
-29.97543542895898
-29.95944872392825
-29.93971790159493
-29.9438661772721
-29.92642877889673
-29.95715451575339
-29.97087154529042
-29.98354510674851
-29.93963125865407
-29.94990643056151
-29.99634194393687
-29.97304364143335
-29.97782711226328
-29.97143351214407
-29.92943820926376
-29.98670871221763
-29.92766000223632
-29.9774424316857
-29.95744620113056
-29.94977108779373
-29.96292865103196
-29.96383172679408
-29.98152697423993
-29.95409277869306
-29.94965183041193
-29.94366367051465
-29.95352830292546
-30.0129040525799
-29.96824237651754
-29.97445448171803
-29.96138864420536
-29.96879100500098
-29.9459019754262
-29.94224382992896
-29.97874264044216
-29.96407435629174
-29.9413028046971
-29.9258249083281
-29.9528673330409
-29.92407081669768
-29.91991987226301
-29.94582521639716
-29.93700454944385
-29.949792851004
-29.92526923261498
-29.94764423209507
-29.92064277537663
-29.93421279369987
-29.9344429140301
-29.9417818902189
-29.99830190953595
-29.96313454137618
-29.94756750717868
-29.97967002091806
-29.97462317583437
-29.94279700139827
-29.99307340271676
-29.94318876335759
-29.94601979727905
-29.91915411313389
-29.93820936405998
-29.94719604029591
-29.92741659975685
-29.94400488852229
-29.97982014312754
-29.94066203803082
-29.97160020270803
-29.88201540461284
-29.90214842872632
-29.97213378909447
-29.95994491562445
-29.9807648366703
-29.95652901528671
-29.94128638925039
-29.98955382445885
-29.97632348102562
-29.96378089274487
-29.9224896786071
-29.95921924326961
-29.92716790166412
-29.95252689293282
-29.94325138314919
-29.92683336980853
-29.93828814258504
-29.90755904342247
-29.97365788150405
-29.97556069490089
-29.96362906141069
-29.92171071704706
-29.93732320776003
-29.96602332904307
-29.96327186450521
-29.96915833699975
-29.94799514411118
-29.91791153129532
-29.96445798374389
-29.95781393794444
-29.96929994419957
-29.95582993210629
-29.94312010627403
-29.98904217939527
-29.92477168476511
-29.90198153166589
-29.94244556924922
-29.92550091165695
-29.9930151928118
-29.98294817053424
-29.93294865811075
-29.97808706123038
-29.96799136095007
-29.94464021440926
-29.94162705169186
-29.9203148829595
-29.95902656205493
-30.00908395582099
-29.96441314316217
-29.96085262829303
-29.96614177597614
-29.95142925464085
-29.97078951993859
-29.93921279621618
-29.96162829823605
-29.95143953517232
-29.95802233867196
-29.9615348145244
-29.96290103995665
-29.92381391290512
-29.97174621934522
-30.00745191740549
-29.93626849581351
-29.96620398562823
-29.97948246694195
-29.93835438081663
-29.98500090953064
-29.90295354056819
-29.98171173813045
-29.91929600969941
-29.9546476236586
-30.02716059313807
-29.93801138511695
-29.98025213223963
-29.98691419993947
-29.99716371482403
-29.95262340450873
-29.9601574805136
-29.99922741369609
-29.97278146163612
-29.99997861346954
-29.94808211862107
-29.94366243181628
-29.96253367119942
-29.94817246773408
-29.98993114300143
-29.93009361697365
-30.00100818888306
-29.94657466259953
-29.94168958987914
-29.92687216373766
-29.95046878302002
-29.97118016744756
-29.96082686224734
-29.98028920224178
-29.9333613297925
-29.9694475907018
-29.94265868622475
-29.94457792612792
-29.92567786765491
-29.94597301120181
-29.91371876888666
-29.92137695634615
-29.95929744465261
-29.90800083934393
-29.95290008298654
-29.94816503259629
-29.94924831607795
-29.94046547142838
-29.93359694427081
-29.95375880334451
-29.94351254862272
-29.9430044207332
-29.93697244988378
-29.97961705946305
-29.930784967546
-29.92906458861556
-29.95590144458025
-29.9893038851057
-29.97102164000668
-29.93429536583545
-29.91225456946768
-29.96272315756343
-29.90418136893088
-29.90423717854713
-29.94815364105031
-29.95555568821546
-29.97214695423924
-29.96558255120134
-30.04148653959011
-29.91556615801844
-29.96237809274897
-29.97676113837363
-29.936244070124
-29.96649538214957
-29.96575800174097
-29.97975165344282
-29.93298308983669
-29.92033945858093
-29.94963744781666
