-30.00232324794698
-30.00635357370113
-29.96493445438054
-29.8830669065407
-30.03063345333787
-29.97258774792866
-29.94107750709319
-30.01802082434928
-29.99888758052096
-29.97064995712038
-29.93208252684053
-29.9883008519004
-29.90218276091228
-29.96167823295105
-29.9302480287969
-29.92575722278362
-29.92917551467244
-29.98012252923398
-29.94498736698615
-29.96571458636431
-30.03013675894744
-29.95852121407058
-29.94448716627429
-29.95350903915559
-29.96171161314714
-29.96794083458721
-29.98902431838711
-29.9542763050571
-29.99554928106406
-29.92915015732832
-29.98980760853657
-29.97449119798134
-29.92772412461346
-29.94771038149144
-29.93293800134772
-29.95925056152809
-29.90212549213985
-29.93252118086698
-29.96038626140827
-29.96645928883769
-29.9354425585903
-29.94626054983053
-29.91571481166479
-29.92669577319462
-29.92288583500298
-29.96876109677045
-29.95750450263541
-29.93808523024243
-29.95441649121291
-29.95180952511593
-29.96682188607973
-29.97736242986316
-29.9830247862119
-29.96527185083873
-29.98256101177253
-29.94158883063668
-29.94606273401788
-29.97896804963257
-29.97031349240462
-29.98343435246919
-29.96679314635553
-29.96188302559203
-29.98285302557853
-29.93823712534662
-29.96388426446745
-29.96370031930034
-29.97054135927809
-29.93509524403839
-29.95662920112134
-30.01018940045744
-29.98954096742803
-29.93685958875449
-29.94487147477054
-29.91882370773851
-29.93891884694914
-29.96643627022524
-29.96598891404118
-29.94976559427943
-29.95697984896754
-29.93297057893969
-29.93585643506452
-29.95539041171418
-29.94462648194365
-29.98477742071582
-29.96187105797807
-29.93632489218749
-29.93576555291982
-29.99163560074754
-29.96000064425004
-29.97883153644316
-29.95013401911322
-30.01122098585624
-29.93553823325949
-29.93517200098477
-29.91085238946967
-30.00689328372233
-29.9744183098291
-29.95409153530078
-30.01554421979014
-29.95742693556927
-29.96288049308145
-29.96238366739154
-29.94951148560458
-29.94423449066226
-29.95498088135493
-29.97346331888023
-29.95031466532623
-29.99220369107201
-29.92754102434528
-29.99672747208348
-29.97162545828299
-29.95678548000101
-29.94400128820326
-29.98727915255541
-29.95807058931941
-29.9084843479225
-29.94850655717206
-29.94805782865066
-29.94250547501244
-29.98140744964716
-29.97665632191508
-29.95432902342443
-29.96100778800743
-29.94064024463935
-29.99095125866026
-29.9685622186869
-29.97171487595811
-29.94683563303404
-29.90873351953492
-29.92735855888587
-29.89665144092076
-29.95950935481923
-29.97919030151014
-29.91892755810886
-29.95196614113295
-29.93506462533259
-29.97397147775893
-29.91673060219302
-29.94841824108028
-29.9668857297976
-29.94391600897234
-29.94028660618416
-29.98300869244125
-29.93045057094596
-29.91561242533194
-29.952749904348
-29.95545715099164
-29.95178743060304
-29.99343982679377
-29.95980469130004
-29.94670510470143
-30.0122469332952
-29.95066662566052
-29.94487111112208
-29.95902861219334
-29.94697169235277
-29.99745524638467
-29.96131222224843
-29.94817723516321
-29.93345114779336
-29.96639698804661
-29.92001570805975
-29.95543030856265
-29.95342624159862
-29.96641004035099
-29.92985060919116
-29.94306705398781
-29.92978338760777
-29.96535711312719
-29.90818586597006
-29.9859054821752
-29.97583292041661
-29.93950815556883
-29.96188815924487
-29.94568941871726
-29.99697922458676
-29.93244588276433
-29.97928662635003
-29.93909143914841
-29.98018542234765
-29.907736381967
-29.96826607459012
-29.97967325345634
-29.9389706833996
-29.95861178553998
-29.96224205503931
-29.96594640811879
-29.95839339769948
-29.92190929046942
-29.94513092874558
-29.94724965429558
-29.97672413295847
-29.95046698916907
-29.9547967398679
-29.95943985541696
-29.93427174908967
-29.98194517558171
-29.941098028542
-29.91376056958706
-29.97173499487119
-29.94119136401976
-29.94369602169478
-29.97681218642745
-29.94199296650442
-29.96534430227997
-29.90677920433109
-30.01962527901912
-29.97935997052195
-29.94128739368747
-29.93042983027615
-29.97413584560698
-29.93550396782182
-29.94021180119027
-29.99780666971588
-29.91037139674334
-29.96907982585608
-29.96341053105648
-29.97464631709317
-29.94008883048148
-29.95497288508317
-29.9649116617879
-29.94674242060802
-29.95224312983024
-30.01074999147633
-29.94539152208336
-29.97573584118331
-29.93524874511075
-29.89457259785884
-29.99862142748728
-29.98532516817334
-29.93671558824404
-29.96387263380615
-29.94331174191399
-29.93946932615462
-29.94988397860825
-29.91884970701275
-29.95280610349322
-29.95041879517797
-29.96611253683789
-29.92688091189951
-29.99629204436862
-29.9869920420534
-29.95030892677062
-29.94917115246744
-29.94525995210327
-29.97561561921214
-29.96689010202469
-29.98963686000593
-29.93502864963769
-29.94082290191279
-29.94804493612414
-29.9728198567757
-29.9603190532805
-29.95368466496812
-29.94965573684166
-29.94846983574774
-29.9502336147721
-29.96305398452798
-29.94285549128111
-29.9596780804842
-29.94985835710368
-29.97264756480313
-29.94824593760492
-29.98534204820627
-29.97349906125553
-30.00589862509758
-29.99308032623868
-29.94966763962211
-29.93299199546356
-29.99106075962779
-29.98459285526896
-29.98079465497449
-29.94870601745369
-29.94818556525863
-29.94789686386411
-29.95837792324242
-29.95087666347304
-29.95234082894503
-29.98502932918275
-29.96263001086712
-29.96266277142619
-29.92509623149261
-29.94800203672775
-30.02557452816406
-29.93769297990806
-29.97128862955407
-29.97734077113966
-29.96663914922753
-29.95787976774263
-30.02123935694652
-29.99642204487778
-29.95598055783933
-29.97430473010469
-29.94552900033685
-29.93311280478898
-29.95590420666089
-29.99156243657659
-29.92843554154715
-29.96369138255062
-29.9734379641402
-29.93650369265385
-29.9672503809542
-29.97632506041215
-29.92429316930762
-29.99970898639987
-29.97154598971025
-29.94036585189097
-29.96085749964478
-29.95394999277239
-29.97083363951272
-29.98460969909755
-29.95778368648786
-29.96175374541504
-30.00229198533989
-29.96674609829162
-29.96700606487958
-29.95229439483545
-29.9651119628638
-29.98791379385685
-29.99165724774735
-29.97804951563003
-29.94727650950457
-29.9902276147798
-29.94530116180318
-29.95766144078024
-29.97538289328547
-29.94598581455852
-29.961248111379
-29.94097025309329
-29.96067987709548
-29.95473711557722
-29.94714859341109
-29.93956801230691
-29.89409642985231
-29.96523852263373
-29.95357139781052
-29.94108360466374
-29.91895426714783
-29.96897865349804
-29.94799240781877
-29.92967949438202
-29.95765970150303
-29.96432444414115
-29.98696687563191
-29.93386256362766
-29.96574778252416
-29.92672025682059
-29.95666419986606
-29.93061527317601
-29.92338902896151
-29.96091534450206
-29.92472509617823
-29.96507390825442
-29.93661294324903
-29.97218166032003
-29.95549098738073
-29.96240115379294
-29.94716322192338
-29.95786943826575
-30.00073885011297
-29.92478755324269
-29.94592815550065
-29.95781663450649
-29.95242210333923
-29.95868248495755
-29.93663816670222
-29.92186520542601
-29.9370458555734
-29.95587326458813
-29.95748444236224
-29.98005179193516
-29.9562194572797
-29.95699867354695
-29.93991664548644
-29.92987895015742
-29.93449473371995
-29.95477315471723
-29.96551947455878
-29.96063622394423
-29.9530102680403
-29.94842410219346
-30.00638999884769
-29.93614133449318
-30.0012080942433
-30.00136212285308
-29.9749794425143
-29.96390903350185
-29.91848388464612
-29.96157514608178
-29.94397479860303
-29.96620883986804
-29.95026446924422
-29.98174578214479
-29.99253025072009
-29.94330524033473
-29.93923108315519
-29.99926479324454
-29.91915815132458
-30.00783784550946
-29.93521254552174
-29.95714282835436
-29.97333429344368
-29.97323300841895
-29.95488885711447
-29.96817947161039
-29.9477747688353
-29.92975950482534
-29.95808335907942
-29.96995841840498
-29.9535527585265
-29.97417628907737
-29.91477248315068
-29.94689003743507
-30.00023704479819
-29.9716041490021
-29.9651987771628
-29.92784230553512
-30.00023346788271
-29.97357439653493
-29.95740393711732
-29.93998945932614
-29.94870859730012
-29.94882464104573
-29.92103471469636
-29.94843252867971
-29.97957070162103
-29.89922775514123
-29.9369875554083
-29.9690236340514
-29.95999709303754
-29.96163515639911
-29.94365032604577
-29.97737439875882
-29.95358950136512
-29.94129556518186
-29.99011964680073
-29.94469334262243
-29.96086456754241
-29.95282439403143
-29.94894528525391
-29.94312963176156
-29.98467689161877
-29.98393580571294
-29.9345337810097
-29.9204200650375
-29.93885857076143
-29.94198636592394
-29.95229594632941
-29.95416096213722
-29.96651669494018
-29.93400068367585
-29.97806576295069
-29.96986506327838
-29.90517240857132
-29.95746677022807
-29.9614452854891
-29.945146121413
-29.95082852864886
-29.99845427602115
-29.97105224783758
-30.00030605070827
-29.92631122388344
-29.94824805767525
-29.94997418229012
-29.97941623604681
-29.93625100172593
-29.94824963658839
-29.99971575309775
-29.98628012362298
-29.95865734297292
-29.95772196603258
-29.95679897533837
-29.9510923601587
-29.97403786227326
-29.9904595413841
-29.96271563802776
-29.93022176323227
-29.93229452727218
-29.92052290470974
-29.94938325594573
-29.99009202283586
-29.96911771243006
-29.95496031375756
-29.95463538715693
-29.98176797479974
-29.94052158004752
-29.96727555475707
-29.92287587829388
-29.94940499804644
-29.97866463429242
-29.94014253773538
-29.89391050495588
-29.92587987769508
-29.95442385540979
-29.95818887056622
-29.95645770799143
-29.91114608750903
-29.94673194116547
-29.97222808673688
-29.97662354379765
