-30.01432620396
-29.97861273608669
-29.95199001977213
-29.97929111738092
-30.00173021454556
-29.90970220783849
-29.96584064542539
-29.91437540990373
-29.9770879302078
-29.91373236061078
-29.85883356452749
-30.0230825698531
-30.08553663521776
-29.92360558095045
-29.84724699314017
-30.0253401782843
-30.02059154067199
-30.04672286281728
-29.94586002560359
-30.01232011784537
-29.98703930699699
-29.95068869569653
-30.05152897968529
-29.94023117571433
-29.84969834079642
-29.93090962205834
-30.02375830717622
-29.95928083256203
-29.96550056303433
-30.01774725760114
-29.97735162470504
-29.92714102017271
-30.0199636389944
-29.90398301382061
-29.9706256032729
-29.93215458390073
-30.05460329443866
-29.93566439174117
-30.01565321078322
-30.0642891821547
-30.02182790167469
-30.01447393014336
-30.07149640961375
-29.91163585497884
-29.91214999354965
-30.00152494681994
-30.06993320948391
-30.0388639683781
-29.97651963580805
-29.86030107490609
-30.00347033434678
-29.90718621593329
-29.87011934462072
-30.03530344119491
-29.83103190801985
-29.9058436343948
-29.98747173073893
-29.90156323888817
-29.98230093448158
-29.88352098650042
-30.02178182484935
-30.11647816721041
-29.93385183628411
-29.98274040744569
-30.0671563063461
-29.93021249758046
-29.98990238807863
-30.01472800621031
-30.00747043262912
-29.93922420897221
-29.90244771951651
-30.01503068071976
-29.76537404819506
-30.01310721608807
-29.94882163708623
-29.79259035952918
-29.98913755673507
-29.95893816248857
-29.94918944124519
-29.91481753751389
-29.92293019648177
-30.00167256415072
-29.87753129290064
-29.84885279798506
-30.03397408316386
-29.92220500645004
-30.01310815845487
-29.9101262781863
-29.90218842494505
-30.12950828587358
-29.8396376575356
-29.8331174095018
-30.09698875620041
-29.95320203952202
-30.00453210251804
-29.96215456681848
-29.90198503170055
-29.89736929081337
-29.97894878642921
-29.96432580412659
-29.97813029588048
-29.96979469870438
-30.00671318701622
-29.94611616230672
-29.99708220996123
-29.84191024649105
-29.97263795359164
-29.83984862030621
-29.94639452646769
-30.06086504197859
-29.93376773638711
-29.8712854702086
-30.108255282573
-30.06596708816112
-30.06197854100069
-29.90130678779938
-29.88505016686124
-29.87757080618865
-29.94024982435798
-29.95485543776883
-29.99117645871123
-29.99949612165641
-29.9190189837224
-29.85618206369678
-29.94534672446805
-29.89443715567207
-29.98368172889872
-29.96798325764531
-29.98229857311422
-29.94211705990248
-29.90647572660421
-30.13400877351898
-30.04672146943295
-29.86006640563819
-29.99254904249559
-29.9020959524733
-30.00121881922333
-30.09159759453009
-29.82354809355033
-29.95211644685286
-29.97377935515636
-30.07524250912686
-30.0391371867609
-29.91499263233135
-29.92180804615735
-29.97497333248968
-29.91952295671727
-29.83743121544958
-29.7875041049242
-29.98854033290294
-29.93064794827517
-29.88290007959008
-30.05171213609022
-29.97971266892691
-30.07420741951729
-29.98751323627675
-29.99651220168838
-30.00561228856063
-29.98183299547636
-30.03357004935392
-29.86833865106769
-30.00294579347355
-29.97399726840766
-30.06991357312304
-29.86903930832921
-29.87990449572732
-29.98578916748418
-29.9483140632103
-30.00854174831808
-29.78752216009436
-29.91007192062822
-29.97700585585377
-29.99417099888908
-29.91064976142439
-29.9081556714109
-30.01697640685291
-29.89729536059193
-29.93652640693861
-29.95933437356285
-29.95245362829735
-29.94426243832734
-29.98193398856086
-29.92164847530245
-29.91991695562207
-30.0146115587569
-29.92293555386307
-30.09046718750638
-29.84990028640832
-29.94004019549726
-30.0327906220861
-29.80858699004933
-29.97750694237564
-29.94712832899323
-29.93346413210377
-29.95091916005144
-30.10465370681002
-29.96918862782096
-29.92999213281283
-29.86715824926
-29.95723542548907
-30.02018991135513
-30.03761904734435
-29.96657098524752
-29.91245437446864
-30.04000937961064
-30.09217622120727
-30.02879776156196
-29.75920370577808
-29.99246819369985
-29.80294879771496
-29.89067595713302
-29.96819207599086
-29.97573886654859
-29.94369446217462
-29.95904000116775
-29.9171860665755
-29.9414417391494
-29.93160696229612
-30.00187907912656
-29.87721892215983
-29.96774256403499
-30.00229466991665
-29.97181293866749
-29.98772483074625
-29.90593053059496
-29.93888993649468
-29.890266348778
-29.92402532650208
-29.94582974393393
-29.92527209096777
-29.94613605008555
-29.96913894450454
-29.86031428546148
-30.08177927538453
-30.02716130050394
-29.90221885406516
-29.99178665134411
-30.07239750305705
-29.999557099113
-30.04728431257959
-29.90841376752839
-29.99070798428863
-30.05279243483852
-29.89553073166375
-29.85712958580275
-30.05134017746008
-30.13382261610423
-30.04065553693318
-29.91438130933443
-29.97091590000234
-30.1023563656498
-29.88373344862575
-30.06854446718966
-29.9003962814918
-29.97494924535784
-29.94068636642047
-29.83362141096111
-29.84587814063209
-30.04912678170369
-29.85679538270025
-30.04089208408446
-29.94540170661573
-30.09255075120258
-29.95772383251889
-29.77219326650765
-29.94203652436295
-30.08084573241652
-29.91809748893327
-29.98500668968506
-29.95069809035626
-29.97288916964954
-29.92154365316827
-29.99493765182
-29.86735735887439
-29.96445846530995
-30.00069949784309
-29.9795458852922
-29.99121820075473
-30.12079427483989
-29.97906628335859
-30.00658449144783
-30.04418915889528
-29.96727737689454
-29.93903605290781
-30.15022021107493
-29.97141081963597
-29.96474908806716
-30.07136116411106
-29.93822745400494
-30.01040394680056
-29.93566863844183
-29.8939543470789
-29.93498562747486
-29.92680193267469
-30.10657843500402
-30.01424871241947
-29.85211998138091
-30.05242627017826
-29.98833946510613
-30.00201001931383
-29.88299486412541
-29.92533661662871
-30.04149484221318
-29.89744036067459
-29.85062569055737
-29.94700677813358
-30.05666787296225
-29.98063400969444
-29.91774226688266
-29.95352602206136
-29.89823432722068
-29.90069121473346
-29.99921574117071
-29.91871666080421
-29.88685383912071
-30.05038827027629
-29.92053055103805
-29.94793647592773
-30.03173203154338
-29.89529332544694
-29.84298175867274
-30.07057596675019
-29.91312945022975
-29.97744283701194
-29.95472379540731
-30.00717599624308
-29.80351107594427
-29.95117309292532
-29.78948663784569
-29.97279751455367
-30.00575859726297
-29.97390971241116
-29.92091346951607
-29.86396117589983
-29.90064732398738
-29.93949480376698
-29.87712018536926
-30.05759753879201
-29.83606464261013
-29.94679222054954
-29.97136809455055
-29.94970438997499
-29.86762599579322
-29.95455625937015
-30.00870511951357
-30.03647434319663
-29.90283289568232
-30.06154432574965
-29.93814059444354
-30.01784548353107
-29.92110521055611
-29.96772181388514
-30.13954670486831
-29.89427044830667
-29.92539630469843
-30.03104369460942
-29.96973686110358
-29.95242287602803
-29.883167417644
-30.03513171371919
-29.95103909885262
-29.84136315790651
-29.8602172395157
-29.94560701948921
-30.03795567505851
-30.04854242288078
-29.97197683357713
-30.04097731826312
-29.98412144565346
-29.82533444782143
-29.92494838695581
-29.89472417820725
-29.93861708728026
-30.01340470291033
-29.90220934671865
-29.89572469529782
-29.95572637444047
-29.97476295548913
-29.8763366691317
-29.97649265602983
-29.92392361673811
-29.94531377091531
-30.10122440456567
-29.88169424758365
-29.90232790565491
-29.95780440159584
-29.98674350083617
-30.07674508822824
-29.98725013438245
-29.94643756102855
-29.81334881637751
-29.99928887904807
-29.96851304102354
-29.9214332963565
-29.95843861322695
-29.91273033763753
-29.97803193363126
-29.94415324211293
-29.96396517450511
-30.00643885859373
-30.12177415494853
-29.96082901351131
-30.01514721691113
-29.9335455532462
-29.86845846039361
-29.95000269614536
-29.95512052808193
-29.94300509324995
-29.92505755423527
-29.97134063670036
-29.98925379256203
-29.86927911142227
-29.94784250922438
-29.90578176733592
-30.02636112445216
-29.98727379738556
-29.99096721837818
-30.06056026284427
-29.96747805293625
-30.05149223963086
-30.00130672632844
-29.90627210649556
-29.94216968743062
-29.96992175941799
-29.76467488405226
-30.00914498371696
-29.85978480104011
-29.95922790568925
-29.8849180317073
-29.79566985764968
-30.00344165262024
-30.13869490180412
-29.96726417450181
-29.89680928209908
-29.88540395071311
-30.06422294560996
-29.93497397086382
-29.98601572685416
-29.94008455501668
-29.96410495115151
-29.92582226029853
-29.99215581703952
-30.01208239152284
-30.00436280033798
-29.91711139563306
-29.90544700403063
-29.94229176556851
-29.92542923917215
-29.92980292328979
-29.93043912306795
-30.20039153265657
-29.97145163828187
-29.93254560694425
-29.91736744330554
-30.00999902979643
-29.98549627180315
-29.98309527099926
-29.91312412125265
-29.97916311032505
-29.91577768918854
-29.76700712060794
-30.01273830504979
-30.03625568368215
-29.96117694673679
-29.99176405767342
-29.99553478997113
-29.90037197837542
-30.04981178420054
-30.06551330308283
-29.86540701431222
-29.99907431419017
-29.88303836913811
-29.9510849999913
-29.9600646574704
-29.8881552642758
-30.06132155898749
-29.90927080895916
-29.75619778848501
-29.90519582077252
-29.92532760858892
-29.832783334031
-30.04454531768589
-30.0332163531338
-29.92091352519782
-29.87884184635019
-29.86075119967666
-30.02954904419165
-29.86570100255135
-29.89831707813809
-29.90295335641893
-29.93808573481209
-29.96644941296235
-30.02411433977042
-30.00939703175687
-29.95198257763462
-29.96310014409259
-29.83698765228466
-29.95380592056873
-29.91993333458502
-29.98933647385368
-29.96859954299099
-29.89546877196451
-29.96457863221099
-30.10093299065318
-30.04908820146834
-29.84394493881063
-29.92592467580902
-30.07413968502892
-30.06270118804584
-30.02212168181128
-29.84296672885448
-30.01555859405266
-29.96846355592854
-30.09530063787022
-29.79762291891707
-30.03302562632508
-29.92133208886005
-29.94271719553394
-29.83956907485263
-29.84301189601959
-29.97720237757518
-30.02505041111608
-29.83119026697629
-30.01869159457234
-29.9870452945505
-29.93890954038356
-30.13380632783777
-29.9015475895453
-29.83312864079794
-29.87902236154097
-30.00673066258821
-29.95795882691488
-29.92917279607207
-29.91591456143379
-29.93669887592089
-29.87596018934885
-29.99312695183826
-29.88146812230316
-29.98580555370308
-29.98053746184372
-29.96266631120608
-30.0120620806027
-30.00486219944919
-30.07886768928323
-29.87457411942913
-29.82757818532359
-29.82477064624226
-29.89484726096317
-29.87031450253227
-29.87874879182543
-29.99798537031312
-30.034561149448
-30.05256339630368
-29.98758772445611
-29.98006740333935
-29.78710657069141
-29.96855438212169
-29.93984570473174
-30.01546448360798
-30.09831817739724
-30.01053197804561
-29.966637889779
-30.04212775070315
-29.96048859415501
-30.01862420064429
-29.75306387079178
-30.10812558353804
-29.93048299010798
-29.93653524679983
-29.89371742606325
-30.02907494547886
-30.02450677000201
-30.03296901808043
-29.94683257313355
-29.84308260149584
-30.07940368527447
-29.83626604649866
-30.02509032227375
-30.07628540420792
-30.01697184067117
-29.98874077280248
-29.92291515156031
-29.92058335530274
-29.92269187795144
-29.85366858775534
-29.95612317724814
-29.95667732148151
-29.93073073415144
-29.988289127727
-29.86118233776487
-29.89683900339278
-30.09781322983245
-29.99862371310915
-30.02556139393045
-29.95834959251064
-30.10277049020743
-29.97063523248216
-30.14298575986183
-30.02556952899106
-29.89966078672455
-30.0531545195037
-29.96489002548225
-29.84454312734304
-29.9992821740287
-29.87218633413671
-30.03718221628085
-29.97824618626715
-29.8129268305584
-29.81871141977014
-29.98425323661188
-29.86040973652324
-29.89608212551406
-29.78205206498327
-29.87198573363969
-29.8550987997389
-29.77244854427466
-29.88547376249995
-29.81248430627092
-29.70316802172239
-29.9136365529763
-29.91020574510577
-30.05124308244163
-30.00022929814521
-29.97803623116131
-30.02267084817024
-30.0028238552623
-29.94257801328185
-29.86954208696951
-29.97718553392656
-29.87748501759984
-29.84603157832646
-30.00907808960541
-29.94916887100816
-29.79757928589434
-29.91509936423244
-29.86741631450741
-29.95396621626364
-30.08854843240466
-30.01952494628461
-30.10122703352737
-30.07443107001395
-29.88807496199037
-29.88982616610752
-30.02738568675318
-29.94833028244422
-30.04226103337164
-29.9287966045942
-29.94882001940395
-30.02165858657187
-29.85912574194178
-29.86856087566368
-29.94536359676017
-29.94327298054324
-29.97906520362813
-29.88916511948987
-30.12514043305006
-30.05129235735254
-29.91033473488886
-29.85796752304157
-29.90400884397388
-30.0325186890668
-29.98992838925113
-30.0821371961097
-29.99169531189787
-30.05771842936284
-30.00761082899341
-30.04706458848118
-30.12166942526139
-29.89907540959769
-30.00860007740451
-29.73283570897576
-29.95625929708562
-29.96966483496274
-29.94404598133293
-29.97844126891914
-29.93732200164921
-29.89185552851026
-29.95018536537679
-30.052691288801
-29.99282409678048
-29.99611870384128
-29.92366693208128
-29.96542516081782
-29.80330900977641
-29.96558959138468
-29.82534985815276
-29.79358010748406
-30.03898758152038
-30.00154581088584
-29.86309506550842
-30.11797520488218
-30.0553225074248
-30.00901046310818
-29.94256429509976
-29.89686106270323
-30.05999974625102
-29.97799512200373
-29.96458680829275
-29.86971562752022
-29.89154263813973
-29.95993076806018
-29.89034821737375
-30.1721323257801
-29.92839799805511
-30.01311090261107
-29.98334328097789
-30.0151797217862
-29.90934518226979
-29.98802582931398
-30.01016655498325
-29.97468983683293
-29.92319880723564
-29.97249030793957
-29.91405941988816
-30.06252509248962
-30.02909347502109
-29.91918539163369
-29.94323108396079
-29.98384851292813
-29.97411007771073
-29.98871981140375
-29.97351449582725
-29.7986620908888
-30.00014041780242
-29.89192811279528
-29.76323681707008
-29.94308993049829
-30.05056000653413
-29.91575416503108
-30.08045359262003
-30.03101609556973
-30.01910517784284
-30.03863146565214
-29.90872405074307
-29.89365508724148
-29.86111898646762
-30.05128925529045
-29.89881815797572
-29.92215911388743
-29.88145503952067
-29.83124110846168
-30.02868475935323
-30.07612933534958
-29.98288903584814
-29.9911991163932
-29.87247107846994
-29.97642272284777
-30.00607067676132
-29.97265474762536
-30.03939803868541
-30.02111851477579
-29.9514835608446
-29.87742434841024
-30.04640527508658
-29.85328827416407
-29.98106033518708
-29.96913310713444
-29.95788151751459
-29.98985911253147
-30.0885679115061
-29.8999004691971
-29.86111860755368
-29.88806425569823
-29.9940379343609
-29.94196343630112
-29.95472353592338
-30.05785933930186
-29.94838584473168
-30.00280303493332
-29.89592050716377
-30.0789778481841
-30.00822355185757
-30.05151434404861
-29.83367579929119
-29.95773633609332
-29.92381218918776
-29.96190741425749
-29.96561543313104
-29.99488761465136
-29.89899028822062
-29.99606558314539
-29.85747352821123
-29.97798085699483
-29.96214644412608
-29.9113329833887
-29.95747618573169
-29.99441514236745
-29.91909032749796
-29.93481052179582
-29.92193980282313
-30.02748415297389
-30.02207920750115
-29.96404334936939
-30.01372859470695
-29.99770865006506
-29.96767687742501
-29.94430415385093
-29.90253610144966
-29.8345456200414
-29.93038512442532
-29.98203181128023
-29.906356431544
-29.83959534886482
-29.84876164840692
-29.96571054919794
-29.88494737495097
-29.92264866302163
-29.91223878376099
-30.0031934764854
-29.97139971602744
-29.9540770650374
-30.0402439334661
-29.80413550585063
-29.88428622729598
-29.89212267971666
-29.88138772554292
-29.88101658018582
-29.8559205390312
-29.95838858629535
-30.07632835610721
-30.0066999764318
-29.84510512514916
-30.08619910234931
-29.91034158591805
-29.91978376966897
-29.99727320888412
-29.7610875556795
-30.00922757622919
-29.94545099693723
-29.91955929246645
-30.03474399301193
-29.81678914811341
-30.01387279302631
-29.95349344375881
-29.85924768143191
-30.05527966486453
-30.00928217766539
-29.91216651442923
-29.99260064443306
-29.90603689150019
-30.04441550478909
-30.08086143834004
-29.98512043046876
-29.91484768916143
-29.97465437768377
-29.89136186634698
-29.88752088682529
-29.99137873653138
-29.94164919843453
-29.93192358274963
-29.98543674654655
-30.05194577439787
-29.94605641264447
-29.89339614327202
-29.91054006313439
-29.9271990959544
-29.99338503960283
-29.96024060777028
-29.86261755137653
-29.94790182647979
-30.0127140371526
-29.97659183044683
-29.9230970477772
-30.06709898744281
-29.98913107573126
-29.93464272257226
-29.92664743646144
-29.94173731619946
-30.21275429372981
-29.90668798706124
-29.96512538452428
-30.04502155558698
-30.01574448080942
-30.06507315559809
-29.96135908394415
-29.99961837594854
-30.05964630648927
-29.79163039733572
-29.81765315180431
-29.99550613840838
-30.05377259331933
-29.92709155309569
-30.01963780026
-30.02271821315777
-29.95081772780774
-29.88843944432608
-29.97687678864222
-29.96781155805511
-29.94211400769449
-29.94310011032798
-29.95787209915856
-29.97072185658205
-29.92007388214321
-30.15319580184089
-29.78492876607591
-30.02425736354152
-30.01408786902218
-29.90168794388596
-29.96995775748051
-29.98015294399721
-30.00528194074357
-30.04009239946816
-30.03177245045074
-30.03933117207388
-29.86226297945703
-29.92819840417025
-30.07745672883374
-30.03207925304671
-29.94085594349581
-29.90219274922124
-29.97473324756652
-29.95409819640228
-30.00019865417891
-30.05974154729284
-29.88644430556355
-30.05475179543352
-29.98082573858489
-30.05668967576712
-30.08975369778675
-30.0267311793196
-29.90417493438628
-30.04550174539458
-29.88968018533921
-29.97333902049843
-29.98906778089258
-29.93019809885067
-29.9710929546778
-29.80976999495125
-30.0467955798931
-29.89315473006058
-30.13759532091424
-29.89445866706904
-29.8826615903533
-29.93958483893373
-29.91526455625135
-30.03115598687612
-29.91284433064547
-29.935169401315
-30.01065378877459
-29.91620493422189
-29.9052142114644
-30.01254101956181
-30.0510059615134
-29.98556435543951
-29.927691444202
-29.82806821644035
-29.93788900396
-30.07580269788726
-30.06039682876713
-29.94950083989648
-29.93298302369482
-30.03066456213871
-29.97443669969433
-29.9582326904741
-29.91451625244125
-30.01406411390362
-29.8132086000515
-30.00771605705323
-30.05842811623892
-30.04363298667319
-29.93057995368782
-29.97521852742444
-30.02278297438326
-29.88611210730787
-29.93103103412981
-30.01032838118075
-29.97326899598376
-30.09941022005748
-29.87757025465122
-29.87256604937561
-29.95937948373235
-29.8435387481715
-29.87688539025505
-29.96385705404345
-30.01111413611111
-29.97343657112123
-29.90777551701797
-29.87420329005831
-29.87460163842196
-30.01949667090822
-29.95899430991295
-29.98335383088803
-29.96091288790576
-29.91627675369551
-29.93586244051603
-29.97373688358025
-29.94306692289494
-29.96048604828667
-29.86291041984531
-29.8930708579645
-29.85551213489111
-29.90152479969345
-30.07333183098371
-29.90614453402938
-30.0005310274061
-30.01278203825138
-29.87573233084517
-29.99368370486954
-29.99998164792238
-29.9381248067968
