-29.92592251163097
-29.88725589205193
-29.96926936244466
-29.96078489434894
-29.86937732586574
-29.8339510243397
-29.97770777378268
-29.87997586978425
-30.09016501774553
-29.86383281957566
-29.99429387700599
-29.98199633784372
-29.99489381262407
-30.20038832457851
-29.91170179875539
-29.90589312692311
-29.99401788893998
-29.87868803687858
-29.93427233522443
-30.00954238580344
-30.02362793042989
-30.05441936631366
-29.91339507742064
-30.05113073628744
-29.8861094184573
-29.94153986248433
-29.83647872350403
-29.79667817573499
-29.91472628991836
-30.03743927303388
-29.98869167685542
-30.00616151105928
-29.96070666780893
-30.07687246734585
-29.92189607987848
-29.97084362303853
-29.97528661270378
-29.80482681095219
-30.07642278224315
-30.00431041785586
-29.85949445600118
-30.00557695471468
-30.01070913186966
-29.97915580806113
-29.82353932526041
-29.88735974952566
-30.20915892184897
-30.08615478630107
-30.05573087774733
-29.86682123021755
-29.95658117979461
-30.0415438151782
-29.98773426224533
-30.04314845379906
-29.88158350612262
-29.99567749348555
-29.77695925004974
-30.03443797614542
-29.95957873301917
-30.06266058715785
-30.0688268823707
-30.00223292595561
-29.96747706002692
-29.96201272301573
-29.9821978760565
-29.83624833184912
-29.96679878688288
-29.83551461202476
-29.99016843923356
-29.89076905727979
-30.04432700638636
-29.98419941643317
-29.9707260498867
-29.87411815725427
-29.81370040184947
-29.96794641997606
-29.90567254472879
-30.03386287097406
-30.05637874398949
-29.96578095730298
-29.91918280520677
-29.91245501695701
-29.94882157492525
-30.00062856973988
-29.88881217085774
-30.02199657149188
-30.0122844266985
-29.88792598952571
-29.97732190175758
-29.94830926362455
-30.05944382998944
-29.90935170800562
-29.9527542943001
-30.0287262893767
-29.90434767048359
-30.03962989356661
-29.89041914093534
-30.0661809518258
-29.97230953341835
-29.93613844332272
-30.029278170491
-29.8575982681663
-29.97250323994316
-29.99906807249833
-30.03019108428143
-29.85476841039588
-30.0582308338383
-29.9391541085409
-29.81540377149533
-29.89637157240646
-29.92802451956561
-29.92119876161578
-30.05848584497386
-29.91403165967633
-29.8596521533217
-29.97989750623893
-29.95808381350577
-30.05333980935784
-29.85120848928275
-29.964366149913
-29.80018728320575
-29.92471230646079
-29.94955961289995
-29.98518532714201
-29.96375918921078
-29.94619981762354
-29.83554250064578
-29.93368065101049
-30.02238353747603
-29.92241456097387
-29.8963662789244
-29.98641634118018
-30.0023605124512
-29.96746494361993
-29.95199139683816
-29.95772950464965
-30.05256178582366
-30.02589047928271
-29.9137064200091
-29.91241882032034
-29.93362726430869
-29.94141735248664
-29.8765815085352
-29.98493863042411
-29.90148925449907
-30.02224613671446
-29.91372133187584
-30.00959293788456
-30.01446396907917
-29.92138572811325
-29.9026413152142
-29.87546204158303
-30.00301920476619
-29.89763567136339
-30.07483537583551
-30.0041612398365
-29.81914582192119
-29.89004594268677
-29.91419170521642
-30.0358844357092
-30.00528714999667
-29.9431757881892
-30.03533787924496
-29.91836101087809
-29.98568155533503
-29.88330611304649
-29.83233630273263
-29.86468694004686
-29.90316459898068
-30.09568079244204
-29.8669451721609
-29.8695600751908
-29.87240839346035
-30.05075961400904
-29.90358396206427
-29.87091633884343
-29.90103846250047
-29.93468581762742
-29.76023437474247
-29.90193916706451
-29.90895010961354
-30.04623714534808
-29.92413756994974
-29.96934437733827
-29.93637109246783
-29.9093435212344
-29.89551678384078
-30.01133519237845
-30.00455708590015
-29.94634316771066
-29.90697390297302
-29.98916140484788
-29.95803227385696
-30.08540137070407
-29.95682660876849
-29.92247496051832
-29.90872977144214
-29.9460226289915
-29.89844616292757
-30.11937493898315
-29.88082793666012
-29.88983386929538
-30.04444932797675
-29.8432535710991
-29.99903229207037
-30.04381038368948
-30.00939981691515
-30.01698189250099
-29.94661875544265
-29.96138422020152
-29.90397234923483
-30.13373230028644
-29.99611511881157
-30.05589738409058
-29.96832831394538
-29.90450619824598
-29.81897081298179
-30.06616944811676
-30.02164199764831
-29.95822426464872
-30.05163981877279
-29.96620114363871
-29.85496001348291
-29.98776682361719
-30.01937620910231
-29.99277937898402
-29.88891999341037
-30.00013822644999
-29.9338859002936
-30.13013312129173
-29.98684194696258
-29.97349146895887
-29.81909629778226
-30.01849157614505
-29.8828031786895
-30.0227989012478
-29.84978606645858
-29.89336654633527
-29.82763997624138
-30.01090962421368
-29.93764582113507
-29.74888122117126
-29.9451738140076
-30.03257481580477
-30.00102812581207
-29.99072754541756
-29.9333011687349
-30.00372640236722
-30.01250396712689
-30.06560905052351
-30.04390599874905
-29.79376968470157
-30.14809646161691
-30.06108996008806
-29.99959803904164
-30.00638306276391
-29.89136749630679
-29.84688056115859
-30.0300610643507
-30.1269838617338
-29.92798925103094
-30.01471524272277
-30.0120343443171
-29.99609835729429
-29.94078946696952
-29.99800520001683
-29.89730793477603
-29.9778802538795
-29.90469690706846
-29.87876072645834
-29.81730069299869
-29.95606621592008
-29.84499088985006
-29.95241844099301
-30.02364997849644
-29.98309372004452
-29.94233779482231
-29.98758645097346
-29.82265428146068
-29.90827640519103
-29.92748237414006
-29.94446757325603
-29.92893766026366
-30.08899022150775
-30.01193600245383
-29.88180589641
-29.87764561452828
-29.95273481550028
-30.00674347408536
-29.97265513177761
-30.06628652974237
-29.90490711091869
-29.88218082078527
-29.9516042341108
-29.9256238430248
-29.88781489087336
-29.82060110442667
-29.98684272026101
-29.87940983583582
-29.89328402203846
-29.99323055664666
-29.85267127970936
-30.01540460912075
-29.97446952042147
-29.95206791753535
-29.98807101327382
-29.88962167460376
-29.90338904185352
-29.93044144500736
-29.9839793859608
-29.94481051887917
-29.88160305587305
-29.9964769159071
-29.8895936302559
-29.86648850715633
-30.07807808239752
-29.97550321536119
-29.96459105862067
-29.94717743847782
-30.07066985297171
-29.93370764532967
-29.90601938852231
-29.95802339873601
-30.02982643805913
-30.10006339149555
-30.0068303819962
-30.04379244394775
-29.93596123086423
-29.9815860857751
-29.84847105044604
-30.01010494097945
-29.84244899730514
-29.93373747590378
-29.90581354915307
-29.89565744928319
-30.08653236229101
-30.04625075569206
-29.95609477783532
-29.95751405490886
-30.15361490022065
-29.99368236048319
-29.88170136392545
-29.84722939407699
-29.97738312347325
-30.06737811318741
-29.92240937267042
-30.03192551007274
-29.96431224777566
-29.94444265187905
-29.85589520266826
-29.99534174699093
-30.03451085928979
-29.91129795323386
-29.92433402808599
-29.94103133418951
-29.91949283100347
-29.99404767228463
-29.94986850402296
-29.93583328457136
-29.97674091594623
-29.91310920231346
-30.05115535638526
-30.04505917669249
-29.97548899246097
-29.9338829071641
-29.95442162176926
-29.90405661502118
-30.11417839223136
-29.89913763071401
-29.92746284514246
-29.94559257122494
-29.8571704636301
-29.95923869247168
-29.8374462792091
-29.92413485559598
-29.93186223209948
-30.02538460521244
-29.99344667971724
-29.89801314671668
-30.0472011277948
-30.07112249887652
-29.87053205876153
-29.78834572972409
-29.94734314470077
-30.05972177052591
-29.85661395328214
-30.03906967097692
-30.01116763693874
-29.98641890194928
-29.90426033824929
-29.87635478930363
-29.92350995710022
-30.06181746461547
-29.92825773099647
-29.80123626866827
-30.01139604145895
-30.12862060402763
-29.94881395007231
-29.85189139087296
-29.96814802223021
-29.96868166755043
-30.0042003448258
-30.00357670032394
-29.88140591549936
-29.99221833560323
-30.18128470504574
-30.0275771467624
-29.8898629193739
-29.99703997317629
-29.94970776718035
-29.87384773086217
-29.90414486092198
-29.8879069614852
-30.06194443419248
-30.04353917425314
-29.90751960004799
-29.85056223551519
-29.93277680391057
-29.8741605122947
-29.83126248386347
-30.0014230973742
-29.86811584578517
-29.92543451002751
-29.86430149631806
-30.05482929938519
-30.05380316820973
-29.9027760114519
-29.94069322018505
-30.06523395484805
-29.95659890345036
-29.93787411670596
-29.9017995047229
-29.8534250857283
-30.04668011113754
-30.04135634636431
-29.98040516629564
-29.93067547571569
-29.96667782302829
-29.98554610564688
-29.79033742548419
-29.88915392217244
-29.96590018339111
-30.00448733338109
-29.90596746021157
-29.89766739291615
-29.82472347007526
-29.97284840734847
-29.87320684686541
-29.95277474897104
-29.99824371467038
-29.9778398038024
-30.04702519389971
-30.01622716508029
-29.92204967046054
-29.95042551932605
-29.89766628874262
-29.87652928228942
-29.86887918383903
-29.95500840019201
-29.97111907186122
-29.81385403541904
-29.91776315111596
-30.01249794613543
-30.01874415722807
-29.96729148444292
-29.98776285180084
-29.95709765357535
-29.85771602835504
-30.07908406988837
-29.90914151527684
-29.87673406985571
-29.95142955446279
-30.05274283336954
-30.02809346778229
-29.99487230655552
-29.96766482361155
-29.87765690489407
-29.9445445448384
-29.84910207518192
-30.01753163478828
-29.90865047082509
-29.96194845699903
-29.98287383366351
-29.97117916625558
-29.95972054987357
-29.97618941558369
-29.99369836495388
-29.85444079886435
-29.96120225975274
-29.85299099261066
-29.9227165274862
-29.9918369490079
-29.94473221394484
-30.0349884414128
-30.05783804534666
-29.81355836883017
-29.9664698461708
-30.01773029144326
-29.96489524889745
-30.00629912351029
-29.86040759151524
-29.87123846708932
-29.91086206738451
-29.95424211873149
-29.90378164446919
-29.83126271470979
-29.94746264301055
-29.8301946759476
-30.01199064607921
-29.9008266244645
-30.03949687188864
-29.96153556452202
-29.9810431539079
-29.82846193794778
-29.78676896396647
-30.02236869818991
-29.89539390709442
-30.04879410793258
-30.01825955387915
-29.86066164747255
-30.03360998305839
-29.92817952130412
-30.01241550111203
-29.91993852734555
-29.89269740279589
-29.98324296186054
-29.92723284559193
-30.04386228405579
-29.94983608595862
-29.97622154467213
-30.04057028587253
-30.01859540340139
-29.83763905210559
-30.00622023103475
-30.01746524780048
-29.94494277233854
-29.98790745606774
-30.02472966870551
-29.96143094807205
-29.9138558975709
-30.01743984208271
-29.9283665107263
-29.93032130150878
-30.02543473657821
-29.92206778407814
-29.98427230233523
-29.89375430860512
-30.01213545279917
-29.90006526090629
-29.91302516395012
-29.9957380945113
-29.99897434276863
-30.10927613907702
-30.04039160839774
-29.83099130377616
-30.00619722550437
-29.90935772065607
-29.85975315987336
-29.96007415563568
-30.00772224698032
-29.90438794007534
-29.88831661146467
-30.00931713118796
-29.98138170064126
-30.02861378024568
-29.93095585642692
-29.89812672414996
-29.90832646385821
-29.97533345438565
-29.99616953298508
-29.89715166845198
-29.98073740140311
-30.01649503614818
-29.95222239358596
-29.84330576164618
-29.95535774083561
-29.89543510990209
-30.14145564064735
-30.09363840969
-29.89894919143127
-29.8523919603907
-30.00387674875154
-30.04448156874689
-29.92878694542538
-29.84438778353017
-29.84790155213688
-29.97482817686084
-29.89546664386886
-29.98397995730643
-29.96583572274049
-29.85739497393347
-29.92239339335059
-29.92698170142345
-29.97261653803709
-29.99025355531758
-29.87992329686671
-29.76340124983588
-29.97465111353046
-30.05596557518297
-29.93984007651941
-30.05332176191199
-29.91828909670593
-29.99320578365013
-29.9806050244335
-30.0090275760825
-29.90605234117746
-29.98467572865572
-30.03477841391586
-29.87629773589502
-29.93346953765112
-29.91114043667786
-30.06577724591395
-29.92904999788757
-29.9379467454939
-29.91525667916998
-29.94636032229791
-29.99462410405033
-29.96522391660772
-29.96689683863551
-29.93155733974169
-29.96917235304558
-29.80248652468055
-29.9120022292636
-29.97549413343087
-30.08044149469493
-29.90288017954287
-29.90425415094822
-29.92490766262299
-29.82346182835365
-30.11989064087852
-29.95229729492296
-29.92154942393112
-29.962237303947
-29.8889639703096
-29.93605971659024
-29.86880025259734
-29.92944580076341
-29.93111862575599
-29.97285091422036
-29.98669645750747
-29.94447658393839
-30.02391109611101
-29.96574810983382
-29.78797271714367
-29.90928333469335
-29.99306295979419
-29.87333594090749
-30.00927278509376
-29.97863893899457
-29.79974491765331
-30.01228023561525
-30.08073225076145
-29.84402760879041
-30.05541290768804
-30.04052201295725
-29.91233869089478
-30.03947626874785
-29.89366619095832
-30.01227981732283
-30.11191511757417
-30.02176208561303
-29.98938452624325
-30.05369952637132
-29.94271694152885
-29.87780390724803
-29.93726371874272
-29.97381292144942
-30.10051487744452
-29.93302825415708
-29.85686947411941
-30.01575378029137
-30.01273286963236
-30.07502073438226
-30.00188026227959
-29.95629936538322
-30.05094491187667
-30.11115780302541
-30.03843657464309
-29.85413859667036
-30.00802242053646
-29.99981011470253
-30.03368842367076
-30.14891683722085
-29.89391275528045
-29.99434281325237
-29.82484354066807
-29.92205967076236
-29.80495194384476
-29.90156356310649
-29.93016486138385
-29.8759010577488
-30.04765179317835
-29.96791586979744
-29.93489761347376
-30.04511475959278
-29.9014360236338
-29.90862921755275
-30.04275683270414
-29.92284888327409
-29.85840436095786
-29.90276387706921
-30.02479834864589
-29.86163178786897
-29.96806309734689
-30.00243413003226
-29.98095441140817
-30.06223668841226
-30.02119410371363
-30.01845561268135
-29.91727748525341
-29.85968010119367
-30.0210177136525
-30.05460963577198
-29.99509479686645
-29.99927128087656
-29.94625968506585
-30.165295862533
-29.83823324475522
-29.97433118782645
-29.8763393180625
-30.09622099162019
-29.93309316463309
-30.06186778949129
-29.96617854604482
-30.09670846571863
-29.88103569992251
-29.93866653846703
-29.93071516172403
-29.99865245618514
-30.00456925073681
-29.86207874623367
-30.06041780553938
-29.91900262727086
-29.85011335522071
-29.96676139690766
-29.83909950885937
-29.80307328938094
-29.91784859912493
-29.99091250210582
-30.00052454149888
-30.08888431816191
-29.96850071612306
-30.06757200232653
-29.93717824701378
-29.91998042896295
-29.8104426827413
-29.89648873063126
-29.90265734466812
-30.0239561443907
-29.97206296637543
-30.10930160276466
-29.93034700131304
-29.98132906456737
-29.95131960941826
-30.07595037770027
-29.92582516128219
-29.89838257429128
-29.89477097320887
-30.07903005167671
-29.96990861690934
-29.9429762957549
-30.03989521385726
-29.95576623363021
-29.91054678141949
-29.78866240215351
-29.91581108792395
-30.01904262461446
-30.15713690972773
-29.90968119324424
-29.90047526227458
-29.94872751092473
-30.0231286303506
-29.97083060320325
-29.92328168075578
-29.98583948989592
-29.93241651923933
-30.07776068850012
-29.92096191183967
-29.91724069313072
-29.85530633518162
-29.90340775984514
-29.99287290554324
-29.91200977944684
-30.03626420522394
-29.93079469245172
-30.02710162162958
-30.01980243143703
-29.83718626423192
-30.0013932640979
-29.93017083073714
-29.9744270602276
-29.91767166037087
-30.04929158313947
-29.9984545237995
-29.90479895693359
-29.99674839081691
-29.99517802028825
-30.01035255909879
-29.88753567962499
-29.88591034879932
-29.94159547505651
-29.93797409548664
-30.07990249703025
-29.89294063495351
-30.14431693836605
-29.99426229903982
-29.99762455294428
-30.0065475820837
-30.08789246104909
-29.81723626039111
-29.96016471208642
-29.94211067459808
-29.86410711359662
-29.98008438031416
-30.04582612615659
-29.91742652192468
-29.96708925190523
-29.95208171387739
-29.91120702640035
-29.89256676328252
-29.91947339305416
-29.93586268317823
-29.94719390734183
-30.02263306178764
-29.94743113014322
-29.90652266897637
-29.86606352763971
-30.14439214234842
-29.89315389918301
-30.00492998827978
-30.0480800254908
-29.97111501596795
-29.81374973533071
-30.02417339656188
-29.91796213500145
-29.91267438523594
-29.93113462456957
-29.76468009281763
-29.94753770071419
-29.93755996875393
-29.91730685571925
-29.9437212767179
-29.94314439930478
-29.87354581558578
-29.90039338045304
-30.03635817570687
-30.02159841138516
-30.03424607128052
-29.8896651486701
-29.97433834960464
-29.92653350260654
-29.93411892093348
-29.88606666469413
-29.96438745081213
-29.96272497426991
-30.04786636920873
-29.89089216433894
-29.90505025682222
-29.97897765990697
-29.97376556539947
-30.09234562589334
-29.88665523604857
-29.96728810357311
-29.91032767560192
-29.94260689595789
-29.97277122388015
-29.95627513330668
-30.06133605668721
-29.9206103315817
-30.00795720626825
-29.79809661256425
-29.95071606433338
-29.86945677287062
-30.08168741635032
-29.98489354378993
-29.89479414874967
-29.84801023226539
-30.08775855760425
-30.0157072075775
-30.03510971306584
-30.00465341027603
-29.97363114916159
-29.94604599601045
-30.00706160941364
-30.00362582175044
-29.94432108422855
-29.98504210901012
-30.00299377002107
-29.93131133699857
-30.08479991694281
-30.00064282789513
-29.86083918796335
-29.9749271289468
-29.99799015823774
-30.02942981505958
-29.863320693001
-30.10365745506972
-29.97480810086459
-30.03291497413457
-30.01894753562325
-30.04982410932081
-29.8242229216938
-29.90356068708913
-30.02558672798556
-29.88794896339194
-30.00339115583872
-29.85384229545641
-30.01347990171331
-29.87745317138756
-29.9410903655513
-30.07563976811011
-29.81518055502881
-29.97170073522528
-29.91463909484029
-29.84757015574216
-29.97695019466149
-30.00729433621408
-30.0092286510811
-29.97963579825458
-29.90199975723874
-29.9900041202956
-29.7207506816786
-29.88409650659083
-29.84522015360545
-30.0357941883931
-29.904237743927
-29.77975586026442
-30.00244329294442
-29.95978793477946
-29.94335157813642
-29.90041820813988
-29.92632234601408
-29.92686346861865
-30.08059405139369
-30.04509736516112
-29.8329489996983
-29.7980827474264
-29.88495700154906
-29.97362188473144
-30.13632987916082
-29.95130705851741
-29.8509707189883
-30.01038318276908
-29.90611553442535
-29.98082263350085
-29.89817787124767
-29.96730556186638
-30.05925508060287
-29.88549919428174
-29.98292523717296
-30.07409487151968
-29.96834339934226
-29.96032947183621
-29.99914050014755
-29.88082386143973
-29.9886448157984
-29.96812390304237
-29.81457190021463
-30.12251708749447
-29.86197505968421
-30.05169467774665
-29.98172334637242
-29.9648698589693
-30.01569113667199
-29.87466881264473
-29.98680775157426
-30.00216568009727
-29.9578090435812
-29.87828636832887
-29.84268269854212
-30.10433592407989
-29.98581246257174
-29.94318687615205
-29.92479518878827
-29.9023303232302
-29.86346975085524
-29.90865683764519
-30.0536965223484
-29.89410693866497
-29.85129136218372
-30.00596720481057
-30.00278964435121
-29.98832703334003
-29.98802005962595
-29.83523144326302
-29.96863799324515
-29.89187692036386
-30.03054365228642
-29.91030706704669
-30.0586463557513
-29.92741009872256
-29.88029691204786
-30.03406709273224
-29.81674613925376
-30.00126656914203
-29.89400386549734
-29.94248167675264
-30.03006022783717
-29.87843600754182
-30.02145858752814
